1956
 generated by VMD
Au	-3.058744	-9.176145	-17.332744	
Au	1.019557	-9.176145	-17.332744	
Au	-7.137044	-5.097844	-17.332744	
Au	-5.097844	-7.137044	-17.332744	
Au	-3.058744	-5.097844	-17.332744	
Au	-1.019544	-7.137044	-17.332744	
Au	1.019557	-5.097844	-17.332744	
Au	3.058757	-7.137044	-17.332744	
Au	5.097857	-5.097844	-17.332744	
Au	-9.176145	-3.058744	-17.332744	
Au	-7.137044	-1.019544	-17.332744	
Au	-5.097844	-3.058744	-17.332744	
Au	-3.058744	-3.058744	-19.371944	
Au	-3.058744	-1.019544	-17.332744	
Au	-1.019544	-3.058744	-17.332744	
Au	-1.019544	-1.019544	-19.371944	
Au	1.019557	-3.058744	-19.371944	
Au	1.019557	-1.019544	-17.332744	
Au	3.058757	-3.058744	-17.332744	
Au	3.058757	-1.019544	-19.371944	
Au	5.097857	-1.019544	-17.332744	
Au	7.136954	-3.058744	-17.332744	
Au	9.176158	-1.019544	-17.332744	
Au	-9.176145	1.019557	-17.332744	
Au	-7.137044	3.058757	-17.332744	
Au	-5.097844	1.019557	-17.332744	
Au	-3.058744	1.019557	-19.371944	
Au	-3.058744	3.058757	-17.332744	
Au	-1.019544	1.019557	-17.332744	
Au	-1.019544	3.058757	-19.371944	
Au	1.019557	1.019557	-19.371944	
Au	1.019557	3.058757	-17.332744	
Au	3.058757	1.019557	-17.332744	
Au	3.058757	3.058757	-19.371944	
Au	5.097857	3.058757	-17.332744	
Au	7.136954	1.019557	-17.332744	
Au	9.176158	3.058757	-17.332744	
Au	-5.097844	5.097857	-17.332744	
Au	-3.058744	7.136954	-17.332744	
Au	-1.019544	5.097857	-17.332744	
Au	1.019557	7.136954	-17.332744	
Au	3.058757	5.097857	-17.332744	
Au	5.097857	7.136954	-17.332744	
Au	7.136954	5.097857	-17.332744	
Au	-1.019544	9.176158	-17.332744	
Au	3.058757	9.176158	-17.332744	
Au	-3.058744	-13.254443	-13.254443	
Au	1.019557	-13.254443	-13.254443	
Au	5.097857	-13.254443	-13.254443	
Au	-11.215344	-9.176145	-13.254443	
Au	-9.176145	-11.215344	-13.254443	
Au	-7.137044	-9.176145	-13.254443	
Au	-5.097844	-11.215344	-13.254443	
Au	-5.097844	-9.176145	-15.293643	
Au	-3.058744	-11.215344	-15.293643	
Au	-3.058744	-9.176145	-13.254443	
Au	-1.019544	-11.215344	-13.254443	
Au	-1.019544	-9.176145	-15.293643	
Au	1.019557	-11.215344	-15.293643	
Au	1.019557	-9.176145	-13.254443	
Au	3.058757	-11.215344	-13.254443	
Au	3.058757	-9.176145	-15.293643	
Au	5.097857	-11.215344	-15.293643	
Au	5.097857	-9.176145	-13.254443	
Au	7.136954	-11.215344	-13.254443	
Au	7.136954	-9.176145	-15.293643	
Au	9.176158	-9.176145	-13.254443	
Au	-11.215344	-5.097844	-13.254443	
Au	-9.176145	-7.137044	-13.254443	
Au	-9.176145	-5.097844	-15.293643	
Au	-7.137044	-7.137044	-15.293643	
Au	-7.137044	-5.097844	-13.254443	
Au	-5.097844	-7.137044	-13.254443	
Au	-5.097844	-5.097844	-15.293643	
Au	-3.058744	-7.137044	-15.293643	
Au	-3.058744	-5.097844	-13.254443	
Au	-1.019544	-7.137044	-13.254443	
Au	-1.019544	-5.097844	-15.293643	
Au	1.019557	-7.137044	-15.293643	
Au	1.019557	-5.097844	-13.254443	
Au	3.058757	-7.137044	-13.254443	
Au	3.058757	-5.097844	-15.293643	
Au	5.097857	-7.137044	-15.293643	
Au	5.097857	-5.097844	-13.254443	
Au	7.136954	-7.137044	-13.254443	
Au	7.136954	-5.097844	-15.293643	
Au	9.176158	-7.137044	-15.293643	
Au	9.176158	-5.097844	-13.254443	
Au	11.215358	-7.137044	-13.254443	
Au	11.215358	-5.097844	-15.293643	
Au	13.254455	-5.097844	-13.254443	
Au	-13.254443	-3.058744	-13.254443	
Au	-11.215344	-3.058744	-15.293643	
Au	-11.215344	-1.019544	-13.254443	
Au	-9.176145	-3.058744	-13.254443	
Au	-9.176145	-1.019544	-15.293643	
Au	-7.137044	-3.058744	-15.293643	
Au	-7.137044	-1.019544	-13.254443	
Au	-5.097844	-3.058744	-13.254443	
Au	-5.097844	-1.019544	-15.293643	
Au	-3.058744	-3.058744	-15.293643	
Au	-3.058744	-1.019544	-13.254443	
Au	-1.019544	-3.058744	-13.254443	
Au	-1.019544	-1.019544	-15.293643	
Au	1.019557	-3.058744	-15.293643	
Au	1.019557	-1.019544	-13.254443	
Au	3.058757	-3.058744	-13.254443	
Au	3.058757	-1.019544	-15.293643	
Au	5.097857	-3.058744	-15.293643	
Au	5.097857	-1.019544	-13.254443	
Au	7.136954	-3.058744	-13.254443	
Au	7.136954	-1.019544	-15.293643	
Au	9.176158	-3.058744	-15.293643	
Au	9.176158	-1.019544	-13.254443	
Au	11.215358	-3.058744	-13.254443	
Au	11.215358	-1.019544	-15.293643	
Au	13.254455	-1.019544	-13.254443	
Au	-13.254443	1.019557	-13.254443	
Au	-11.215344	1.019557	-15.293643	
Au	-11.215344	3.058757	-13.254443	
Au	-9.176145	1.019557	-13.254443	
Au	-9.176145	3.058757	-15.293643	
Au	-7.137044	1.019557	-15.293643	
Au	-7.137044	3.058757	-13.254443	
Au	-5.097844	1.019557	-13.254443	
Au	-5.097844	3.058757	-15.293643	
Au	-3.058744	1.019557	-15.293643	
Au	-3.058744	3.058757	-13.254443	
Au	-1.019544	1.019557	-13.254443	
Au	-1.019544	3.058757	-15.293643	
Au	1.019557	1.019557	-15.293643	
Au	1.019557	3.058757	-13.254443	
Au	3.058757	1.019557	-13.254443	
Au	3.058757	3.058757	-15.293643	
Au	5.097857	1.019557	-15.293643	
Au	5.097857	3.058757	-13.254443	
Au	7.136954	1.019557	-13.254443	
Au	7.136954	3.058757	-15.293643	
Au	9.176158	1.019557	-15.293643	
Au	9.176158	3.058757	-13.254443	
Au	11.215358	1.019557	-13.254443	
Au	11.215358	3.058757	-15.293643	
Au	13.254455	3.058757	-13.254443	
Au	-13.254443	5.097857	-13.254443	
Au	-11.215344	5.097857	-15.293643	
Au	-11.215344	7.136954	-13.254443	
Au	-9.176145	5.097857	-13.254443	
Au	-9.176145	7.136954	-15.293643	
Au	-7.137044	5.097857	-15.293643	
Au	-7.137044	7.136954	-13.254443	
Au	-5.097844	5.097857	-13.254443	
Au	-5.097844	7.136954	-15.293643	
Au	-3.058744	5.097857	-15.293643	
Au	-3.058744	7.136954	-13.254443	
Au	-1.019544	5.097857	-13.254443	
Au	-1.019544	7.136954	-15.293643	
Au	1.019557	5.097857	-15.293643	
Au	1.019557	7.136954	-13.254443	
Au	3.058757	5.097857	-13.254443	
Au	3.058757	7.136954	-15.293643	
Au	5.097857	5.097857	-15.293643	
Au	5.097857	7.136954	-13.254443	
Au	7.136954	5.097857	-13.254443	
Au	7.136954	7.136954	-15.293643	
Au	9.176158	5.097857	-15.293643	
Au	9.176158	7.136954	-13.254443	
Au	11.215358	5.097857	-13.254443	
Au	-9.176145	9.176158	-13.254443	
Au	-7.137044	9.176158	-15.293643	
Au	-7.137044	11.215358	-13.254443	
Au	-5.097844	9.176158	-13.254443	
Au	-5.097844	11.215358	-15.293643	
Au	-3.058744	9.176158	-15.293643	
Au	-3.058744	11.215358	-13.254443	
Au	-1.019544	9.176158	-13.254443	
Au	-1.019544	11.215358	-15.293643	
Au	1.019557	9.176158	-15.293643	
Au	1.019557	11.215358	-13.254443	
Au	3.058757	9.176158	-13.254443	
Au	3.058757	11.215358	-15.293643	
Au	5.097857	9.176158	-15.293643	
Au	5.097857	11.215358	-13.254443	
Au	7.136954	9.176158	-13.254443	
Au	9.176158	11.215358	-13.254443	
Au	11.215358	9.176158	-13.254443	
Au	-5.097844	13.254455	-13.254443	
Au	-1.019544	13.254455	-13.254443	
Au	3.058757	13.254455	-13.254443	
Au	-3.058744	-17.332744	-9.176145	
Au	1.019557	-17.332744	-9.176145	
Au	-11.215344	-13.254443	-9.176145	
Au	-9.176145	-13.254443	-11.215344	
Au	-7.137044	-13.254443	-9.176145	
Au	-5.097844	-15.293643	-9.176145	
Au	-5.097844	-13.254443	-11.215344	
Au	-3.058744	-15.293643	-11.215344	
Au	-3.058744	-13.254443	-9.176145	
Au	-1.019544	-15.293643	-9.176145	
Au	-1.019544	-13.254443	-11.215344	
Au	1.019557	-15.293643	-11.215344	
Au	1.019557	-13.254443	-9.176145	
Au	3.058757	-15.293643	-9.176145	
Au	3.058757	-13.254443	-11.215344	
Au	5.097857	-15.293643	-11.215344	
Au	5.097857	-13.254443	-9.176145	
Au	7.136954	-15.293643	-9.176145	
Au	7.136954	-13.254443	-11.215344	
Au	9.176158	-13.254443	-9.176145	
Au	-13.254443	-11.215344	-9.176145	
Au	-13.254443	-9.176145	-11.215344	
Au	-11.215344	-11.215344	-11.215344	
Au	-11.215344	-9.176145	-9.176145	
Au	-9.176145	-11.215344	-9.176145	
Au	-9.176145	-9.176145	-11.215344	
Au	-7.137044	-11.215344	-11.215344	
Au	-7.137044	-9.176145	-9.176145	
Au	-5.097844	-11.215344	-9.176145	
Au	-5.097844	-9.176145	-11.215344	
Au	-3.058744	-11.215344	-11.215344	
Au	-3.058744	-9.176145	-9.176145	
Au	-1.019544	-11.215344	-9.176145	
Au	-1.019544	-9.176145	-11.215344	
Au	1.019557	-11.215344	-11.215344	
Au	1.019557	-9.176145	-9.176145	
Au	3.058757	-11.215344	-9.176145	
Au	3.058757	-9.176145	-11.215344	
Au	5.097857	-11.215344	-11.215344	
Au	5.097857	-9.176145	-9.176145	
Au	7.136954	-11.215344	-9.176145	
Au	7.136954	-9.176145	-11.215344	
Au	9.176158	-11.215344	-11.215344	
Au	9.176158	-9.176145	-9.176145	
Au	11.215358	-11.215344	-9.176145	
Au	11.215358	-9.176145	-11.215344	
Au	13.254455	-9.176145	-9.176145	
Au	-15.293643	-5.097844	-9.176145	
Au	-13.254443	-7.137044	-9.176145	
Au	-13.254443	-5.097844	-11.215344	
Au	-11.215344	-7.137044	-11.215344	
Au	-11.215344	-5.097844	-9.176145	
Au	-9.176145	-7.137044	-9.176145	
Au	-9.176145	-5.097844	-11.215344	
Au	-7.137044	-7.137044	-11.215344	
Au	-7.137044	-5.097844	-9.176145	
Au	-5.097844	-7.137044	-9.176145	
Au	-5.097844	-5.097844	-11.215344	
Au	-3.058744	-7.137044	-11.215344	
Au	-3.058744	-5.097844	-9.176145	
Au	-1.019544	-7.137044	-9.176145	
Au	-1.019544	-5.097844	-11.215344	
Au	1.019557	-7.137044	-11.215344	
Au	1.019557	-5.097844	-9.176145	
Au	3.058757	-7.137044	-9.176145	
Au	3.058757	-5.097844	-11.215344	
Au	5.097857	-7.137044	-11.215344	
Au	5.097857	-5.097844	-9.176145	
Au	7.136954	-7.137044	-9.176145	
Au	7.136954	-5.097844	-11.215344	
Au	9.176158	-7.137044	-11.215344	
Au	9.176158	-5.097844	-9.176145	
Au	11.215358	-7.137044	-9.176145	
Au	11.215358	-5.097844	-11.215344	
Au	13.254455	-7.137044	-11.215344	
Au	13.254455	-5.097844	-9.176145	
Au	15.293654	-7.137044	-9.176145	
Au	15.293654	-5.097844	-11.215344	
Au	-17.332744	-3.058744	-9.176145	
Au	-15.293643	-3.058744	-11.215344	
Au	-15.293643	-1.019544	-9.176145	
Au	-13.254443	-3.058744	-9.176145	
Au	-13.254443	-1.019544	-11.215344	
Au	-11.215344	-3.058744	-11.215344	
Au	-11.215344	-1.019544	-9.176145	
Au	-9.176145	-3.058744	-9.176145	
Au	-9.176145	-1.019544	-11.215344	
Au	-7.137044	-3.058744	-11.215344	
Au	-7.137044	-1.019544	-9.176145	
Au	-5.097844	-3.058744	-9.176145	
Au	-5.097844	-1.019544	-11.215344	
Au	-3.058744	-3.058744	-11.215344	
Au	-3.058744	-1.019544	-9.176145	
Au	-1.019544	-3.058744	-9.176145	
Au	-1.019544	-1.019544	-11.215344	
Au	1.019557	-3.058744	-11.215344	
Au	1.019557	-1.019544	-9.176145	
Au	3.058757	-3.058744	-9.176145	
Au	3.058757	-1.019544	-11.215344	
Au	5.097857	-3.058744	-11.215344	
Au	5.097857	-1.019544	-9.176145	
Au	7.136954	-3.058744	-9.176145	
Au	7.136954	-1.019544	-11.215344	
Au	9.176158	-3.058744	-11.215344	
Au	9.176158	-1.019544	-9.176145	
Au	11.215358	-3.058744	-9.176145	
Au	11.215358	-1.019544	-11.215344	
Au	13.254455	-3.058744	-11.215344	
Au	13.254455	-1.019544	-9.176145	
Au	15.293654	-3.058744	-9.176145	
Au	15.293654	-1.019544	-11.215344	
Au	17.332755	-1.019544	-9.176145	
Au	-17.332744	1.019557	-9.176145	
Au	-15.293643	1.019557	-11.215344	
Au	-15.293643	3.058757	-9.176145	
Au	-13.254443	1.019557	-9.176145	
Au	-13.254443	3.058757	-11.215344	
Au	-11.215344	1.019557	-11.215344	
Au	-11.215344	3.058757	-9.176145	
Au	-9.176145	1.019557	-9.176145	
Au	-9.176145	3.058757	-11.215344	
Au	-7.137044	1.019557	-11.215344	
Au	-7.137044	3.058757	-9.176145	
Au	-5.097844	1.019557	-9.176145	
Au	-5.097844	3.058757	-11.215344	
Au	-3.058744	1.019557	-11.215344	
Au	-3.058744	3.058757	-9.176145	
Au	-1.019544	1.019557	-9.176145	
Au	-1.019544	3.058757	-11.215344	
Au	1.019557	1.019557	-11.215344	
Au	1.019557	3.058757	-9.176145	
Au	3.058757	1.019557	-9.176145	
Au	3.058757	3.058757	-11.215344	
Au	5.097857	1.019557	-11.215344	
Au	5.097857	3.058757	-9.176145	
Au	7.136954	1.019557	-9.176145	
Au	7.136954	3.058757	-11.215344	
Au	9.176158	1.019557	-11.215344	
Au	9.176158	3.058757	-9.176145	
Au	11.215358	1.019557	-9.176145	
Au	11.215358	3.058757	-11.215344	
Au	13.254455	1.019557	-11.215344	
Au	13.254455	3.058757	-9.176145	
Au	15.293654	1.019557	-9.176145	
Au	15.293654	3.058757	-11.215344	
Au	17.332755	3.058757	-9.176145	
Au	-15.293643	5.097857	-11.215344	
Au	-15.293643	7.136954	-9.176145	
Au	-13.254443	5.097857	-9.176145	
Au	-13.254443	7.136954	-11.215344	
Au	-11.215344	5.097857	-11.215344	
Au	-11.215344	7.136954	-9.176145	
Au	-9.176145	5.097857	-9.176145	
Au	-9.176145	7.136954	-11.215344	
Au	-7.137044	5.097857	-11.215344	
Au	-7.137044	7.136954	-9.176145	
Au	-5.097844	5.097857	-9.176145	
Au	-5.097844	7.136954	-11.215344	
Au	-3.058744	5.097857	-11.215344	
Au	-3.058744	7.136954	-9.176145	
Au	-1.019544	5.097857	-9.176145	
Au	-1.019544	7.136954	-11.215344	
Au	1.019557	5.097857	-11.215344	
Au	1.019557	7.136954	-9.176145	
Au	3.058757	5.097857	-9.176145	
Au	3.058757	7.136954	-11.215344	
Au	5.097857	5.097857	-11.215344	
Au	5.097857	7.136954	-9.176145	
Au	7.136954	5.097857	-9.176145	
Au	7.136954	7.136954	-11.215344	
Au	9.176158	5.097857	-11.215344	
Au	9.176158	7.136954	-9.176145	
Au	11.215358	5.097857	-9.176145	
Au	11.215358	7.136954	-11.215344	
Au	13.254455	5.097857	-11.215344	
Au	13.254455	7.136954	-9.176145	
Au	15.293654	5.097857	-9.176145	
Au	-13.254443	9.176158	-9.176145	
Au	-11.215344	9.176158	-11.215344	
Au	-11.215344	11.215358	-9.176145	
Au	-9.176145	9.176158	-9.176145	
Au	-9.176145	11.215358	-11.215344	
Au	-7.137044	9.176158	-11.215344	
Au	-7.137044	11.215358	-9.176145	
Au	-5.097844	9.176158	-9.176145	
Au	-5.097844	11.215358	-11.215344	
Au	-3.058744	9.176158	-11.215344	
Au	-3.058744	11.215358	-9.176145	
Au	-1.019544	9.176158	-9.176145	
Au	-1.019544	11.215358	-11.215344	
Au	1.019557	9.176158	-11.215344	
Au	1.019557	11.215358	-9.176145	
Au	3.058757	9.176158	-9.176145	
Au	3.058757	11.215358	-11.215344	
Au	5.097857	9.176158	-11.215344	
Au	5.097857	11.215358	-9.176145	
Au	7.136954	9.176158	-9.176145	
Au	7.136954	11.215358	-11.215344	
Au	9.176158	9.176158	-11.215344	
Au	9.176158	11.215358	-9.176145	
Au	11.215358	9.176158	-9.176145	
Au	11.215358	11.215358	-11.215344	
Au	13.254455	9.176158	-11.215344	
Au	13.254455	11.215358	-9.176145	
Au	-9.176145	13.254455	-9.176145	
Au	-7.137044	13.254455	-11.215344	
Au	-7.137044	15.293654	-9.176145	
Au	-5.097844	13.254455	-9.176145	
Au	-5.097844	15.293654	-11.215344	
Au	-3.058744	13.254455	-11.215344	
Au	-3.058744	15.293654	-9.176145	
Au	-1.019544	13.254455	-9.176145	
Au	-1.019544	15.293654	-11.215344	
Au	1.019557	13.254455	-11.215344	
Au	1.019557	15.293654	-9.176145	
Au	3.058757	13.254455	-9.176145	
Au	3.058757	15.293654	-11.215344	
Au	5.097857	13.254455	-11.215344	
Au	5.097857	15.293654	-9.176145	
Au	7.136954	13.254455	-9.176145	
Au	9.176158	13.254455	-11.215344	
Au	11.215358	13.254455	-9.176145	
Au	-1.019544	17.332755	-9.176145	
Au	3.058757	17.332755	-9.176145	
Au	-7.137044	-17.332744	-5.097844	
Au	-5.097844	-17.332744	-7.137044	
Au	-3.058744	-17.332744	-5.097844	
Au	-1.019544	-17.332744	-7.137044	
Au	1.019557	-17.332744	-5.097844	
Au	3.058757	-17.332744	-7.137044	
Au	5.097857	-17.332744	-5.097844	
Au	-11.215344	-13.254443	-5.097844	
Au	-9.176145	-15.293643	-5.097844	
Au	-9.176145	-13.254443	-7.137044	
Au	-7.137044	-15.293643	-7.137044	
Au	-7.137044	-13.254443	-5.097844	
Au	-5.097844	-15.293643	-5.097844	
Au	-5.097844	-13.254443	-7.137044	
Au	-3.058744	-15.293643	-7.137044	
Au	-3.058744	-13.254443	-5.097844	
Au	-1.019544	-15.293643	-5.097844	
Au	-1.019544	-13.254443	-7.137044	
Au	1.019557	-15.293643	-7.137044	
Au	1.019557	-13.254443	-5.097844	
Au	3.058757	-15.293643	-5.097844	
Au	3.058757	-13.254443	-7.137044	
Au	5.097857	-15.293643	-7.137044	
Au	5.097857	-13.254443	-5.097844	
Au	7.136954	-15.293643	-5.097844	
Au	7.136954	-13.254443	-7.137044	
Au	9.176158	-15.293643	-7.137044	
Au	9.176158	-13.254443	-5.097844	
Au	11.215358	-15.293643	-5.097844	
Au	11.215358	-13.254443	-7.137044	
Au	13.254455	-13.254443	-5.097844	
Au	-15.293643	-9.176145	-5.097844	
Au	-13.254443	-11.215344	-5.097844	
Au	-13.254443	-9.176145	-7.137044	
Au	-11.215344	-11.215344	-7.137044	
Au	-11.215344	-9.176145	-5.097844	
Au	-9.176145	-11.215344	-5.097844	
Au	-9.176145	-9.176145	-7.137044	
Au	-7.137044	-11.215344	-7.137044	
Au	-7.137044	-9.176145	-5.097844	
Au	-5.097844	-11.215344	-5.097844	
Au	-5.097844	-9.176145	-7.137044	
Au	-3.058744	-11.215344	-7.137044	
Au	-3.058744	-9.176145	-5.097844	
Au	-1.019544	-11.215344	-5.097844	
Au	-1.019544	-9.176145	-7.137044	
Au	1.019557	-11.215344	-7.137044	
Au	1.019557	-9.176145	-5.097844	
Au	3.058757	-11.215344	-5.097844	
Au	3.058757	-9.176145	-7.137044	
Au	5.097857	-11.215344	-7.137044	
Au	5.097857	-9.176145	-5.097844	
Au	7.136954	-11.215344	-5.097844	
Au	7.136954	-9.176145	-7.137044	
Au	9.176158	-11.215344	-7.137044	
Au	9.176158	-9.176145	-5.097844	
Au	11.215358	-11.215344	-5.097844	
Au	11.215358	-9.176145	-7.137044	
Au	13.254455	-11.215344	-7.137044	
Au	13.254455	-9.176145	-5.097844	
Au	15.293654	-11.215344	-5.097844	
Au	15.293654	-9.176145	-7.137044	
Au	-17.332744	-7.137044	-5.097844	
Au	-17.332744	-5.097844	-7.137044	
Au	-15.293643	-7.137044	-7.137044	
Au	-15.293643	-5.097844	-5.097844	
Au	-13.254443	-7.137044	-5.097844	
Au	-13.254443	-5.097844	-7.137044	
Au	-11.215344	-7.137044	-7.137044	
Au	-11.215344	-5.097844	-5.097844	
Au	-9.176145	-7.137044	-5.097844	
Au	-9.176145	-5.097844	-7.137044	
Au	-7.137044	-7.137044	-7.137044	
Au	-7.137044	-5.097844	-5.097844	
Au	-5.097844	-7.137044	-5.097844	
Au	-5.097844	-5.097844	-7.137044	
Au	-3.058744	-7.137044	-7.137044	
Au	-3.058744	-5.097844	-5.097844	
Au	-1.019544	-7.137044	-5.097844	
Au	-1.019544	-5.097844	-7.137044	
Au	1.019557	-7.137044	-7.137044	
Au	1.019557	-5.097844	-5.097844	
Au	3.058757	-7.137044	-5.097844	
Au	3.058757	-5.097844	-7.137044	
Au	5.097857	-7.137044	-7.137044	
Au	5.097857	-5.097844	-5.097844	
Au	7.136954	-7.137044	-5.097844	
Au	7.136954	-5.097844	-7.137044	
Au	9.176158	-7.137044	-7.137044	
Au	9.176158	-5.097844	-5.097844	
Au	11.215358	-7.137044	-5.097844	
Au	11.215358	-5.097844	-7.137044	
Au	13.254455	-7.137044	-7.137044	
Au	13.254455	-5.097844	-5.097844	
Au	15.293654	-7.137044	-5.097844	
Au	15.293654	-5.097844	-7.137044	
Au	17.332755	-5.097844	-5.097844	
Au	-17.332744	-3.058744	-5.097844	
Au	-17.332744	-1.019544	-7.137044	
Au	-15.293643	-3.058744	-7.137044	
Au	-15.293643	-1.019544	-5.097844	
Au	-13.254443	-3.058744	-5.097844	
Au	-13.254443	-1.019544	-7.137044	
Au	-11.215344	-3.058744	-7.137044	
Au	-11.215344	-1.019544	-5.097844	
Au	-9.176145	-3.058744	-5.097844	
Au	-9.176145	-1.019544	-7.137044	
Au	-7.137044	-3.058744	-7.137044	
Au	-7.137044	-1.019544	-5.097844	
Au	-5.097844	-3.058744	-5.097844	
Au	-5.097844	-1.019544	-7.137044	
Au	-3.058744	-3.058744	-7.137044	
Au	-3.058744	-1.019544	-5.097844	
Au	-1.019544	-3.058744	-5.097844	
Au	-1.019544	-1.019544	-7.137044	
Au	1.019557	-3.058744	-7.137044	
Au	1.019557	-1.019544	-5.097844	
Au	3.058757	-3.058744	-5.097844	
Au	3.058757	-1.019544	-7.137044	
Au	5.097857	-3.058744	-7.137044	
Au	5.097857	-1.019544	-5.097844	
Au	7.136954	-3.058744	-5.097844	
Au	7.136954	-1.019544	-7.137044	
Au	9.176158	-3.058744	-7.137044	
Au	9.176158	-1.019544	-5.097844	
Au	11.215358	-3.058744	-5.097844	
Au	11.215358	-1.019544	-7.137044	
Au	13.254455	-3.058744	-7.137044	
Au	13.254455	-1.019544	-5.097844	
Au	15.293654	-3.058744	-5.097844	
Au	15.293654	-1.019544	-7.137044	
Au	17.332755	-3.058744	-7.137044	
Au	17.332755	-1.019544	-5.097844	
Au	-17.332744	1.019557	-5.097844	
Au	-17.332744	3.058757	-7.137044	
Au	-15.293643	1.019557	-7.137044	
Au	-15.293643	3.058757	-5.097844	
Au	-13.254443	1.019557	-5.097844	
Au	-13.254443	3.058757	-7.137044	
Au	-11.215344	1.019557	-7.137044	
Au	-11.215344	3.058757	-5.097844	
Au	-9.176145	1.019557	-5.097844	
Au	-9.176145	3.058757	-7.137044	
Au	-7.137044	1.019557	-7.137044	
Au	-7.137044	3.058757	-5.097844	
Au	-5.097844	1.019557	-5.097844	
Au	-5.097844	3.058757	-7.137044	
Au	-3.058744	1.019557	-7.137044	
Au	-3.058744	3.058757	-5.097844	
Au	-1.019544	1.019557	-5.097844	
Au	-1.019544	3.058757	-7.137044	
Au	1.019557	1.019557	-7.137044	
Au	1.019557	3.058757	-5.097844	
Au	3.058757	1.019557	-5.097844	
Au	3.058757	3.058757	-7.137044	
Au	5.097857	1.019557	-7.137044	
Au	5.097857	3.058757	-5.097844	
Au	7.136954	1.019557	-5.097844	
Au	7.136954	3.058757	-7.137044	
Au	9.176158	1.019557	-7.137044	
Au	9.176158	3.058757	-5.097844	
Au	11.215358	1.019557	-5.097844	
Au	11.215358	3.058757	-7.137044	
Au	13.254455	1.019557	-7.137044	
Au	13.254455	3.058757	-5.097844	
Au	15.293654	1.019557	-5.097844	
Au	15.293654	3.058757	-7.137044	
Au	17.332755	1.019557	-7.137044	
Au	17.332755	3.058757	-5.097844	
Au	-17.332744	5.097857	-5.097844	
Au	-15.293643	5.097857	-7.137044	
Au	-15.293643	7.136954	-5.097844	
Au	-13.254443	5.097857	-5.097844	
Au	-13.254443	7.136954	-7.137044	
Au	-11.215344	5.097857	-7.137044	
Au	-11.215344	7.136954	-5.097844	
Au	-9.176145	5.097857	-5.097844	
Au	-9.176145	7.136954	-7.137044	
Au	-7.137044	5.097857	-7.137044	
Au	-7.137044	7.136954	-5.097844	
Au	-5.097844	5.097857	-5.097844	
Au	-5.097844	7.136954	-7.137044	
Au	-3.058744	5.097857	-7.137044	
Au	-3.058744	7.136954	-5.097844	
Au	-1.019544	5.097857	-5.097844	
Au	-1.019544	7.136954	-7.137044	
Au	1.019557	5.097857	-7.137044	
Au	1.019557	7.136954	-5.097844	
Au	3.058757	5.097857	-5.097844	
Au	3.058757	7.136954	-7.137044	
Au	5.097857	5.097857	-7.137044	
Au	5.097857	7.136954	-5.097844	
Au	7.136954	5.097857	-5.097844	
Au	7.136954	7.136954	-7.137044	
Au	9.176158	5.097857	-7.137044	
Au	9.176158	7.136954	-5.097844	
Au	11.215358	5.097857	-5.097844	
Au	11.215358	7.136954	-7.137044	
Au	13.254455	5.097857	-7.137044	
Au	13.254455	7.136954	-5.097844	
Au	15.293654	5.097857	-5.097844	
Au	15.293654	7.136954	-7.137044	
Au	17.332755	5.097857	-7.137044	
Au	17.332755	7.136954	-5.097844	
Au	-15.293643	9.176158	-7.137044	
Au	-15.293643	11.215358	-5.097844	
Au	-13.254443	9.176158	-5.097844	
Au	-13.254443	11.215358	-7.137044	
Au	-11.215344	9.176158	-7.137044	
Au	-11.215344	11.215358	-5.097844	
Au	-9.176145	9.176158	-5.097844	
Au	-9.176145	11.215358	-7.137044	
Au	-7.137044	9.176158	-7.137044	
Au	-7.137044	11.215358	-5.097844	
Au	-5.097844	9.176158	-5.097844	
Au	-5.097844	11.215358	-7.137044	
Au	-3.058744	9.176158	-7.137044	
Au	-3.058744	11.215358	-5.097844	
Au	-1.019544	9.176158	-5.097844	
Au	-1.019544	11.215358	-7.137044	
Au	1.019557	9.176158	-7.137044	
Au	1.019557	11.215358	-5.097844	
Au	3.058757	9.176158	-5.097844	
Au	3.058757	11.215358	-7.137044	
Au	5.097857	9.176158	-7.137044	
Au	5.097857	11.215358	-5.097844	
Au	7.136954	9.176158	-5.097844	
Au	7.136954	11.215358	-7.137044	
Au	9.176158	9.176158	-7.137044	
Au	9.176158	11.215358	-5.097844	
Au	11.215358	9.176158	-5.097844	
Au	11.215358	11.215358	-7.137044	
Au	13.254455	9.176158	-7.137044	
Au	13.254455	11.215358	-5.097844	
Au	15.293654	9.176158	-5.097844	
Au	-13.254443	13.254455	-5.097844	
Au	-11.215344	13.254455	-7.137044	
Au	-11.215344	15.293654	-5.097844	
Au	-9.176145	13.254455	-5.097844	
Au	-9.176145	15.293654	-7.137044	
Au	-7.137044	13.254455	-7.137044	
Au	-7.137044	15.293654	-5.097844	
Au	-5.097844	13.254455	-5.097844	
Au	-5.097844	15.293654	-7.137044	
Au	-3.058744	13.254455	-7.137044	
Au	-3.058744	15.293654	-5.097844	
Au	-1.019544	13.254455	-5.097844	
Au	-1.019544	15.293654	-7.137044	
Au	1.019557	13.254455	-7.137044	
Au	1.019557	15.293654	-5.097844	
Au	3.058757	13.254455	-5.097844	
Au	3.058757	15.293654	-7.137044	
Au	5.097857	13.254455	-7.137044	
Au	5.097857	15.293654	-5.097844	
Au	7.136954	13.254455	-5.097844	
Au	7.136954	15.293654	-7.137044	
Au	9.176158	13.254455	-7.137044	
Au	9.176158	15.293654	-5.097844	
Au	11.215358	13.254455	-5.097844	
Au	-5.097844	17.332755	-5.097844	
Au	-3.058744	17.332755	-7.137044	
Au	-1.019544	17.332755	-5.097844	
Au	1.019557	17.332755	-7.137044	
Au	3.058757	17.332755	-5.097844	
Au	5.097857	17.332755	-7.137044	
Au	7.136954	17.332755	-5.097844	
Au	-9.176145	-17.332744	-3.058744	
Au	-7.137044	-17.332744	-1.019544	
Au	-5.097844	-17.332744	-3.058744	
Au	-3.058744	-19.371944	-3.058744	
Au	-3.058744	-17.332744	-1.019544	
Au	-1.019544	-19.371944	-1.019544	
Au	-1.019544	-17.332744	-3.058744	
Au	1.019557	-19.371944	-3.058744	
Au	1.019557	-17.332744	-1.019544	
Au	3.058757	-19.371944	-1.019544	
Au	3.058757	-17.332744	-3.058744	
Au	5.097857	-17.332744	-1.019544	
Au	7.136954	-17.332744	-3.058744	
Au	9.176158	-17.332744	-1.019544	
Au	-13.254443	-13.254443	-3.058744	
Au	-11.215344	-15.293643	-3.058744	
Au	-11.215344	-13.254443	-1.019544	
Au	-9.176145	-15.293643	-1.019544	
Au	-9.176145	-13.254443	-3.058744	
Au	-7.137044	-15.293643	-3.058744	
Au	-7.137044	-13.254443	-1.019544	
Au	-5.097844	-15.293643	-1.019544	
Au	-5.097844	-13.254443	-3.058744	
Au	-3.058744	-15.293643	-3.058744	
Au	-3.058744	-13.254443	-1.019544	
Au	-1.019544	-15.293643	-1.019544	
Au	-1.019544	-13.254443	-3.058744	
Au	1.019557	-15.293643	-3.058744	
Au	1.019557	-13.254443	-1.019544	
Au	3.058757	-15.293643	-1.019544	
Au	3.058757	-13.254443	-3.058744	
Au	5.097857	-15.293643	-3.058744	
Au	5.097857	-13.254443	-1.019544	
Au	7.136954	-15.293643	-1.019544	
Au	7.136954	-13.254443	-3.058744	
Au	9.176158	-15.293643	-3.058744	
Au	9.176158	-13.254443	-1.019544	
Au	11.215358	-15.293643	-1.019544	
Au	11.215358	-13.254443	-3.058744	
Au	13.254455	-13.254443	-1.019544	
Au	-17.332744	-9.176145	-3.058744	
Au	-15.293643	-11.215344	-3.058744	
Au	-15.293643	-9.176145	-1.019544	
Au	-13.254443	-11.215344	-1.019544	
Au	-13.254443	-9.176145	-3.058744	
Au	-11.215344	-11.215344	-3.058744	
Au	-11.215344	-9.176145	-1.019544	
Au	-9.176145	-11.215344	-1.019544	
Au	-9.176145	-9.176145	-3.058744	
Au	-7.137044	-11.215344	-3.058744	
Au	-7.137044	-9.176145	-1.019544	
Au	-5.097844	-11.215344	-1.019544	
Au	-5.097844	-9.176145	-3.058744	
Au	-3.058744	-11.215344	-3.058744	
Au	-3.058744	-9.176145	-1.019544	
Au	-1.019544	-11.215344	-1.019544	
Au	-1.019544	-9.176145	-3.058744	
Au	1.019557	-11.215344	-3.058744	
Au	1.019557	-9.176145	-1.019544	
Au	3.058757	-11.215344	-1.019544	
Au	3.058757	-9.176145	-3.058744	
Au	5.097857	-11.215344	-3.058744	
Au	5.097857	-9.176145	-1.019544	
Au	7.136954	-11.215344	-1.019544	
Au	7.136954	-9.176145	-3.058744	
Au	9.176158	-11.215344	-3.058744	
Au	9.176158	-9.176145	-1.019544	
Au	11.215358	-11.215344	-1.019544	
Au	11.215358	-9.176145	-3.058744	
Au	13.254455	-11.215344	-3.058744	
Au	13.254455	-9.176145	-1.019544	
Au	15.293654	-11.215344	-1.019544	
Au	15.293654	-9.176145	-3.058744	
Au	17.332755	-9.176145	-1.019544	
Au	-17.332744	-7.137044	-1.019544	
Au	-17.332744	-5.097844	-3.058744	
Au	-15.293643	-7.137044	-3.058744	
Au	-15.293643	-5.097844	-1.019544	
Au	-13.254443	-7.137044	-1.019544	
Au	-13.254443	-5.097844	-3.058744	
Au	-11.215344	-7.137044	-3.058744	
Au	-11.215344	-5.097844	-1.019544	
Au	-9.176145	-7.137044	-1.019544	
Au	-9.176145	-5.097844	-3.058744	
Au	-7.137044	-7.137044	-3.058744	
Au	-7.137044	-5.097844	-1.019544	
Au	-5.097844	-7.137044	-1.019544	
Au	-5.097844	-5.097844	-3.058744	
Au	-3.058744	-7.137044	-3.058744	
Au	-3.058744	-5.097844	-1.019544	
Au	-1.019544	-7.137044	-1.019544	
Au	-1.019544	-5.097844	-3.058744	
Au	1.019557	-7.137044	-3.058744	
Au	1.019557	-5.097844	-1.019544	
Au	3.058757	-7.137044	-1.019544	
Au	3.058757	-5.097844	-3.058744	
Au	5.097857	-7.137044	-3.058744	
Au	5.097857	-5.097844	-1.019544	
Au	7.136954	-7.137044	-1.019544	
Au	7.136954	-5.097844	-3.058744	
Au	9.176158	-7.137044	-3.058744	
Au	9.176158	-5.097844	-1.019544	
Au	11.215358	-7.137044	-1.019544	
Au	11.215358	-5.097844	-3.058744	
Au	13.254455	-7.137044	-3.058744	
Au	13.254455	-5.097844	-1.019544	
Au	15.293654	-7.137044	-1.019544	
Au	15.293654	-5.097844	-3.058744	
Au	17.332755	-7.137044	-3.058744	
Au	17.332755	-5.097844	-1.019544	
Au	-19.371944	-3.058744	-3.058744	
Au	-19.371944	-1.019544	-1.019544	
Au	-17.332744	-3.058744	-1.019544	
Au	-17.332744	-1.019544	-3.058744	
Au	-15.293643	-3.058744	-3.058744	
Au	-15.293643	-1.019544	-1.019544	
Au	-13.254443	-3.058744	-1.019544	
Au	-13.254443	-1.019544	-3.058744	
Au	-11.215344	-3.058744	-3.058744	
Au	-11.215344	-1.019544	-1.019544	
Au	-9.176145	-3.058744	-1.019544	
Au	-9.176145	-1.019544	-3.058744	
Au	-7.137044	-3.058744	-3.058744	
Au	-7.137044	-1.019544	-1.019544	
Au	-5.097844	-3.058744	-1.019544	
Au	-5.097844	-1.019544	-3.058744	
Au	-3.058744	-3.058744	-3.058744	
Au	-3.058744	-1.019544	-1.019544	
Au	-1.019544	-3.058744	-1.019544	
Au	-1.019544	-1.019544	-3.058744	
Au	1.019557	-3.058744	-3.058744	
Au	1.019557	-1.019544	-1.019544	
Au	3.058757	-3.058744	-1.019544	
Au	3.058757	-1.019544	-3.058744	
Au	5.097857	-3.058744	-3.058744	
Au	5.097857	-1.019544	-1.019544	
Au	7.136954	-3.058744	-1.019544	
Au	7.136954	-1.019544	-3.058744	
Au	9.176158	-3.058744	-3.058744	
Au	9.176158	-1.019544	-1.019544	
Au	11.215358	-3.058744	-1.019544	
Au	11.215358	-1.019544	-3.058744	
Au	13.254455	-3.058744	-3.058744	
Au	13.254455	-1.019544	-1.019544	
Au	15.293654	-3.058744	-1.019544	
Au	15.293654	-1.019544	-3.058744	
Au	17.332755	-3.058744	-3.058744	
Au	17.332755	-1.019544	-1.019544	
Au	19.371955	-3.058744	-1.019544	
Au	19.371955	-1.019544	-3.058744	
Au	-19.371944	1.019557	-3.058744	
Au	-19.371944	3.058757	-1.019544	
Au	-17.332744	1.019557	-1.019544	
Au	-17.332744	3.058757	-3.058744	
Au	-15.293643	1.019557	-3.058744	
Au	-15.293643	3.058757	-1.019544	
Au	-13.254443	1.019557	-1.019544	
Au	-13.254443	3.058757	-3.058744	
Au	-11.215344	1.019557	-3.058744	
Au	-11.215344	3.058757	-1.019544	
Au	-9.176145	1.019557	-1.019544	
Au	-9.176145	3.058757	-3.058744	
Au	-7.137044	1.019557	-3.058744	
Au	-7.137044	3.058757	-1.019544	
Au	-5.097844	1.019557	-1.019544	
Au	-5.097844	3.058757	-3.058744	
Au	-3.058744	1.019557	-3.058744	
Au	-3.058744	3.058757	-1.019544	
Au	-1.019544	1.019557	-1.019544	
Au	-1.019544	3.058757	-3.058744	
Au	1.019557	1.019557	-3.058744	
Au	1.019557	3.058757	-1.019544	
Au	3.058757	1.019557	-1.019544	
Au	3.058757	3.058757	-3.058744	
Au	5.097857	1.019557	-3.058744	
Au	5.097857	3.058757	-1.019544	
Au	7.136954	1.019557	-1.019544	
Au	7.136954	3.058757	-3.058744	
Au	9.176158	1.019557	-3.058744	
Au	9.176158	3.058757	-1.019544	
Au	11.215358	1.019557	-1.019544	
Au	11.215358	3.058757	-3.058744	
Au	13.254455	1.019557	-3.058744	
Au	13.254455	3.058757	-1.019544	
Au	15.293654	1.019557	-1.019544	
Au	15.293654	3.058757	-3.058744	
Au	17.332755	1.019557	-3.058744	
Au	17.332755	3.058757	-1.019544	
Au	19.371955	1.019557	-1.019544	
Au	19.371955	3.058757	-3.058744	
Au	-17.332744	5.097857	-1.019544	
Au	-17.332744	7.136954	-3.058744	
Au	-15.293643	5.097857	-3.058744	
Au	-15.293643	7.136954	-1.019544	
Au	-13.254443	5.097857	-1.019544	
Au	-13.254443	7.136954	-3.058744	
Au	-11.215344	5.097857	-3.058744	
Au	-11.215344	7.136954	-1.019544	
Au	-9.176145	5.097857	-1.019544	
Au	-9.176145	7.136954	-3.058744	
Au	-7.137044	5.097857	-3.058744	
Au	-7.137044	7.136954	-1.019544	
Au	-5.097844	5.097857	-1.019544	
Au	-5.097844	7.136954	-3.058744	
Au	-3.058744	5.097857	-3.058744	
Au	-3.058744	7.136954	-1.019544	
Au	-1.019544	5.097857	-1.019544	
Au	-1.019544	7.136954	-3.058744	
Au	1.019557	5.097857	-3.058744	
Au	1.019557	7.136954	-1.019544	
Au	3.058757	5.097857	-1.019544	
Au	3.058757	7.136954	-3.058744	
Au	5.097857	5.097857	-3.058744	
Au	5.097857	7.136954	-1.019544	
Au	7.136954	5.097857	-1.019544	
Au	7.136954	7.136954	-3.058744	
Au	9.176158	5.097857	-3.058744	
Au	9.176158	7.136954	-1.019544	
Au	11.215358	5.097857	-1.019544	
Au	11.215358	7.136954	-3.058744	
Au	13.254455	5.097857	-3.058744	
Au	13.254455	7.136954	-1.019544	
Au	15.293654	5.097857	-1.019544	
Au	15.293654	7.136954	-3.058744	
Au	17.332755	5.097857	-3.058744	
Au	17.332755	7.136954	-1.019544	
Au	-17.332744	9.176158	-1.019544	
Au	-15.293643	9.176158	-3.058744	
Au	-15.293643	11.215358	-1.019544	
Au	-13.254443	9.176158	-1.019544	
Au	-13.254443	11.215358	-3.058744	
Au	-11.215344	9.176158	-3.058744	
Au	-11.215344	11.215358	-1.019544	
Au	-9.176145	9.176158	-1.019544	
Au	-9.176145	11.215358	-3.058744	
Au	-7.137044	9.176158	-3.058744	
Au	-7.137044	11.215358	-1.019544	
Au	-5.097844	9.176158	-1.019544	
Au	-5.097844	11.215358	-3.058744	
Au	-3.058744	9.176158	-3.058744	
Au	-3.058744	11.215358	-1.019544	
Au	-1.019544	9.176158	-1.019544	
Au	-1.019544	11.215358	-3.058744	
Au	1.019557	9.176158	-3.058744	
Au	1.019557	11.215358	-1.019544	
Au	3.058757	9.176158	-1.019544	
Au	3.058757	11.215358	-3.058744	
Au	5.097857	9.176158	-3.058744	
Au	5.097857	11.215358	-1.019544	
Au	7.136954	9.176158	-1.019544	
Au	7.136954	11.215358	-3.058744	
Au	9.176158	9.176158	-3.058744	
Au	9.176158	11.215358	-1.019544	
Au	11.215358	9.176158	-1.019544	
Au	11.215358	11.215358	-3.058744	
Au	13.254455	9.176158	-3.058744	
Au	13.254455	11.215358	-1.019544	
Au	15.293654	9.176158	-1.019544	
Au	15.293654	11.215358	-3.058744	
Au	17.332755	9.176158	-3.058744	
Au	-13.254443	13.254455	-1.019544	
Au	-11.215344	13.254455	-3.058744	
Au	-11.215344	15.293654	-1.019544	
Au	-9.176145	13.254455	-1.019544	
Au	-9.176145	15.293654	-3.058744	
Au	-7.137044	13.254455	-3.058744	
Au	-7.137044	15.293654	-1.019544	
Au	-5.097844	13.254455	-1.019544	
Au	-5.097844	15.293654	-3.058744	
Au	-3.058744	13.254455	-3.058744	
Au	-3.058744	15.293654	-1.019544	
Au	-1.019544	13.254455	-1.019544	
Au	-1.019544	15.293654	-3.058744	
Au	1.019557	13.254455	-3.058744	
Au	1.019557	15.293654	-1.019544	
Au	3.058757	13.254455	-1.019544	
Au	3.058757	15.293654	-3.058744	
Au	5.097857	13.254455	-3.058744	
Au	5.097857	15.293654	-1.019544	
Au	7.136954	13.254455	-1.019544	
Au	7.136954	15.293654	-3.058744	
Au	9.176158	13.254455	-3.058744	
Au	9.176158	15.293654	-1.019544	
Au	11.215358	13.254455	-1.019544	
Au	11.215358	15.293654	-3.058744	
Au	13.254455	13.254455	-3.058744	
Au	-9.176145	17.332755	-1.019544	
Au	-7.137044	17.332755	-3.058744	
Au	-5.097844	17.332755	-1.019544	
Au	-3.058744	17.332755	-3.058744	
Au	-3.058744	19.371955	-1.019544	
Au	-1.019544	17.332755	-1.019544	
Au	-1.019544	19.371955	-3.058744	
Au	1.019557	17.332755	-3.058744	
Au	1.019557	19.371955	-1.019544	
Au	3.058757	17.332755	-1.019544	
Au	3.058757	19.371955	-3.058744	
Au	5.097857	17.332755	-3.058744	
Au	7.136954	17.332755	-1.019544	
Au	9.176158	17.332755	-3.058744	
Au	-9.176145	-17.332744	1.019557	
Au	-7.137044	-17.332744	3.058757	
Au	-5.097844	-17.332744	1.019557	
Au	-3.058744	-19.371944	1.019557	
Au	-3.058744	-17.332744	3.058757	
Au	-1.019544	-19.371944	3.058757	
Au	-1.019544	-17.332744	1.019557	
Au	1.019557	-19.371944	1.019557	
Au	1.019557	-17.332744	3.058757	
Au	3.058757	-19.371944	3.058757	
Au	3.058757	-17.332744	1.019557	
Au	5.097857	-17.332744	3.058757	
Au	7.136954	-17.332744	1.019557	
Au	9.176158	-17.332744	3.058757	
Au	-13.254443	-13.254443	1.019557	
Au	-11.215344	-15.293643	1.019557	
Au	-11.215344	-13.254443	3.058757	
Au	-9.176145	-15.293643	3.058757	
Au	-9.176145	-13.254443	1.019557	
Au	-7.137044	-15.293643	1.019557	
Au	-7.137044	-13.254443	3.058757	
Au	-5.097844	-15.293643	3.058757	
Au	-5.097844	-13.254443	1.019557	
Au	-3.058744	-15.293643	1.019557	
Au	-3.058744	-13.254443	3.058757	
Au	-1.019544	-15.293643	3.058757	
Au	-1.019544	-13.254443	1.019557	
Au	1.019557	-15.293643	1.019557	
Au	1.019557	-13.254443	3.058757	
Au	3.058757	-15.293643	3.058757	
Au	3.058757	-13.254443	1.019557	
Au	5.097857	-15.293643	1.019557	
Au	5.097857	-13.254443	3.058757	
Au	7.136954	-15.293643	3.058757	
Au	7.136954	-13.254443	1.019557	
Au	9.176158	-15.293643	1.019557	
Au	9.176158	-13.254443	3.058757	
Au	11.215358	-15.293643	3.058757	
Au	11.215358	-13.254443	1.019557	
Au	13.254455	-13.254443	3.058757	
Au	-17.332744	-9.176145	1.019557	
Au	-15.293643	-11.215344	1.019557	
Au	-15.293643	-9.176145	3.058757	
Au	-13.254443	-11.215344	3.058757	
Au	-13.254443	-9.176145	1.019557	
Au	-11.215344	-11.215344	1.019557	
Au	-11.215344	-9.176145	3.058757	
Au	-9.176145	-11.215344	3.058757	
Au	-9.176145	-9.176145	1.019557	
Au	-7.137044	-11.215344	1.019557	
Au	-7.137044	-9.176145	3.058757	
Au	-5.097844	-11.215344	3.058757	
Au	-5.097844	-9.176145	1.019557	
Au	-3.058744	-11.215344	1.019557	
Au	-3.058744	-9.176145	3.058757	
Au	-1.019544	-11.215344	3.058757	
Au	-1.019544	-9.176145	1.019557	
Au	1.019557	-11.215344	1.019557	
Au	1.019557	-9.176145	3.058757	
Au	3.058757	-11.215344	3.058757	
Au	3.058757	-9.176145	1.019557	
Au	5.097857	-11.215344	1.019557	
Au	5.097857	-9.176145	3.058757	
Au	7.136954	-11.215344	3.058757	
Au	7.136954	-9.176145	1.019557	
Au	9.176158	-11.215344	1.019557	
Au	9.176158	-9.176145	3.058757	
Au	11.215358	-11.215344	3.058757	
Au	11.215358	-9.176145	1.019557	
Au	13.254455	-11.215344	1.019557	
Au	13.254455	-9.176145	3.058757	
Au	15.293654	-11.215344	3.058757	
Au	15.293654	-9.176145	1.019557	
Au	17.332755	-9.176145	3.058757	
Au	-17.332744	-7.137044	3.058757	
Au	-17.332744	-5.097844	1.019557	
Au	-15.293643	-7.137044	1.019557	
Au	-15.293643	-5.097844	3.058757	
Au	-13.254443	-7.137044	3.058757	
Au	-13.254443	-5.097844	1.019557	
Au	-11.215344	-7.137044	1.019557	
Au	-11.215344	-5.097844	3.058757	
Au	-9.176145	-7.137044	3.058757	
Au	-9.176145	-5.097844	1.019557	
Au	-7.137044	-7.137044	1.019557	
Au	-7.137044	-5.097844	3.058757	
Au	-5.097844	-7.137044	3.058757	
Au	-5.097844	-5.097844	1.019557	
Au	-3.058744	-7.137044	1.019557	
Au	-3.058744	-5.097844	3.058757	
Au	-1.019544	-7.137044	3.058757	
Au	-1.019544	-5.097844	1.019557	
Au	1.019557	-7.137044	1.019557	
Au	1.019557	-5.097844	3.058757	
Au	3.058757	-7.137044	3.058757	
Au	3.058757	-5.097844	1.019557	
Au	5.097857	-7.137044	1.019557	
Au	5.097857	-5.097844	3.058757	
Au	7.136954	-7.137044	3.058757	
Au	7.136954	-5.097844	1.019557	
Au	9.176158	-7.137044	1.019557	
Au	9.176158	-5.097844	3.058757	
Au	11.215358	-7.137044	3.058757	
Au	11.215358	-5.097844	1.019557	
Au	13.254455	-7.137044	1.019557	
Au	13.254455	-5.097844	3.058757	
Au	15.293654	-7.137044	3.058757	
Au	15.293654	-5.097844	1.019557	
Au	17.332755	-7.137044	1.019557	
Au	17.332755	-5.097844	3.058757	
Au	-19.371944	-3.058744	1.019557	
Au	-19.371944	-1.019544	3.058757	
Au	-17.332744	-3.058744	3.058757	
Au	-17.332744	-1.019544	1.019557	
Au	-15.293643	-3.058744	1.019557	
Au	-15.293643	-1.019544	3.058757	
Au	-13.254443	-3.058744	3.058757	
Au	-13.254443	-1.019544	1.019557	
Au	-11.215344	-3.058744	1.019557	
Au	-11.215344	-1.019544	3.058757	
Au	-9.176145	-3.058744	3.058757	
Au	-9.176145	-1.019544	1.019557	
Au	-7.137044	-3.058744	1.019557	
Au	-7.137044	-1.019544	3.058757	
Au	-5.097844	-3.058744	3.058757	
Au	-5.097844	-1.019544	1.019557	
Au	-3.058744	-3.058744	1.019557	
Au	-3.058744	-1.019544	3.058757	
Au	-1.019544	-3.058744	3.058757	
Au	-1.019544	-1.019544	1.019557	
Au	1.019557	-3.058744	1.019557	
Au	1.019557	-1.019544	3.058757	
Au	3.058757	-3.058744	3.058757	
Au	3.058757	-1.019544	1.019557	
Au	5.097857	-3.058744	1.019557	
Au	5.097857	-1.019544	3.058757	
Au	7.136954	-3.058744	3.058757	
Au	7.136954	-1.019544	1.019557	
Au	9.176158	-3.058744	1.019557	
Au	9.176158	-1.019544	3.058757	
Au	11.215358	-3.058744	3.058757	
Au	11.215358	-1.019544	1.019557	
Au	13.254455	-3.058744	1.019557	
Au	13.254455	-1.019544	3.058757	
Au	15.293654	-3.058744	3.058757	
Au	15.293654	-1.019544	1.019557	
Au	17.332755	-3.058744	1.019557	
Au	17.332755	-1.019544	3.058757	
Au	19.371955	-3.058744	3.058757	
Au	19.371955	-1.019544	1.019557	
Au	-19.371944	1.019557	1.019557	
Au	-19.371944	3.058757	3.058757	
Au	-17.332744	1.019557	3.058757	
Au	-17.332744	3.058757	1.019557	
Au	-15.293643	1.019557	1.019557	
Au	-15.293643	3.058757	3.058757	
Au	-13.254443	1.019557	3.058757	
Au	-13.254443	3.058757	1.019557	
Au	-11.215344	1.019557	1.019557	
Au	-11.215344	3.058757	3.058757	
Au	-9.176145	1.019557	3.058757	
Au	-9.176145	3.058757	1.019557	
Au	-7.137044	1.019557	1.019557	
Au	-7.137044	3.058757	3.058757	
Au	-5.097844	1.019557	3.058757	
Au	-5.097844	3.058757	1.019557	
Au	-3.058744	1.019557	1.019557	
Au	-3.058744	3.058757	3.058757	
Au	-1.019544	1.019557	3.058757	
Au	-1.019544	3.058757	1.019557	
Au	1.019557	1.019557	1.019557	
Au	1.019557	3.058757	3.058757	
Au	3.058757	1.019557	3.058757	
Au	3.058757	3.058757	1.019557	
Au	5.097857	1.019557	1.019557	
Au	5.097857	3.058757	3.058757	
Au	7.136954	1.019557	3.058757	
Au	7.136954	3.058757	1.019557	
Au	9.176158	1.019557	1.019557	
Au	9.176158	3.058757	3.058757	
Au	11.215358	1.019557	3.058757	
Au	11.215358	3.058757	1.019557	
Au	13.254455	1.019557	1.019557	
Au	13.254455	3.058757	3.058757	
Au	15.293654	1.019557	3.058757	
Au	15.293654	3.058757	1.019557	
Au	17.332755	1.019557	1.019557	
Au	17.332755	3.058757	3.058757	
Au	19.371955	1.019557	3.058757	
Au	19.371955	3.058757	1.019557	
Au	-17.332744	5.097857	3.058757	
Au	-17.332744	7.136954	1.019557	
Au	-15.293643	5.097857	1.019557	
Au	-15.293643	7.136954	3.058757	
Au	-13.254443	5.097857	3.058757	
Au	-13.254443	7.136954	1.019557	
Au	-11.215344	5.097857	1.019557	
Au	-11.215344	7.136954	3.058757	
Au	-9.176145	5.097857	3.058757	
Au	-9.176145	7.136954	1.019557	
Au	-7.137044	5.097857	1.019557	
Au	-7.137044	7.136954	3.058757	
Au	-5.097844	5.097857	3.058757	
Au	-5.097844	7.136954	1.019557	
Au	-3.058744	5.097857	1.019557	
Au	-3.058744	7.136954	3.058757	
Au	-1.019544	5.097857	3.058757	
Au	-1.019544	7.136954	1.019557	
Au	1.019557	5.097857	1.019557	
Au	1.019557	7.136954	3.058757	
Au	3.058757	5.097857	3.058757	
Au	3.058757	7.136954	1.019557	
Au	5.097857	5.097857	1.019557	
Au	5.097857	7.136954	3.058757	
Au	7.136954	5.097857	3.058757	
Au	7.136954	7.136954	1.019557	
Au	9.176158	5.097857	1.019557	
Au	9.176158	7.136954	3.058757	
Au	11.215358	5.097857	3.058757	
Au	11.215358	7.136954	1.019557	
Au	13.254455	5.097857	1.019557	
Au	13.254455	7.136954	3.058757	
Au	15.293654	5.097857	3.058757	
Au	15.293654	7.136954	1.019557	
Au	17.332755	5.097857	1.019557	
Au	17.332755	7.136954	3.058757	
Au	-17.332744	9.176158	3.058757	
Au	-15.293643	9.176158	1.019557	
Au	-15.293643	11.215358	3.058757	
Au	-13.254443	9.176158	3.058757	
Au	-13.254443	11.215358	1.019557	
Au	-11.215344	9.176158	1.019557	
Au	-11.215344	11.215358	3.058757	
Au	-9.176145	9.176158	3.058757	
Au	-9.176145	11.215358	1.019557	
Au	-7.137044	9.176158	1.019557	
Au	-7.137044	11.215358	3.058757	
Au	-5.097844	9.176158	3.058757	
Au	-5.097844	11.215358	1.019557	
Au	-3.058744	9.176158	1.019557	
Au	-3.058744	11.215358	3.058757	
Au	-1.019544	9.176158	3.058757	
Au	-1.019544	11.215358	1.019557	
Au	1.019557	9.176158	1.019557	
Au	1.019557	11.215358	3.058757	
Au	3.058757	9.176158	3.058757	
Au	3.058757	11.215358	1.019557	
Au	5.097857	9.176158	1.019557	
Au	5.097857	11.215358	3.058757	
Au	7.136954	9.176158	3.058757	
Au	7.136954	11.215358	1.019557	
Au	9.176158	9.176158	1.019557	
Au	9.176158	11.215358	3.058757	
Au	11.215358	9.176158	3.058757	
Au	11.215358	11.215358	1.019557	
Au	13.254455	9.176158	1.019557	
Au	13.254455	11.215358	3.058757	
Au	15.293654	9.176158	3.058757	
Au	15.293654	11.215358	1.019557	
Au	17.332755	9.176158	1.019557	
Au	-13.254443	13.254455	3.058757	
Au	-11.215344	13.254455	1.019557	
Au	-11.215344	15.293654	3.058757	
Au	-9.176145	13.254455	3.058757	
Au	-9.176145	15.293654	1.019557	
Au	-7.137044	13.254455	1.019557	
Au	-7.137044	15.293654	3.058757	
Au	-5.097844	13.254455	3.058757	
Au	-5.097844	15.293654	1.019557	
Au	-3.058744	13.254455	1.019557	
Au	-3.058744	15.293654	3.058757	
Au	-1.019544	13.254455	3.058757	
Au	-1.019544	15.293654	1.019557	
Au	1.019557	13.254455	1.019557	
Au	1.019557	15.293654	3.058757	
Au	3.058757	13.254455	3.058757	
Au	3.058757	15.293654	1.019557	
Au	5.097857	13.254455	1.019557	
Au	5.097857	15.293654	3.058757	
Au	7.136954	13.254455	3.058757	
Au	7.136954	15.293654	1.019557	
Au	9.176158	13.254455	1.019557	
Au	9.176158	15.293654	3.058757	
Au	11.215358	13.254455	3.058757	
Au	11.215358	15.293654	1.019557	
Au	13.254455	13.254455	1.019557	
Au	-9.176145	17.332755	3.058757	
Au	-7.137044	17.332755	1.019557	
Au	-5.097844	17.332755	3.058757	
Au	-3.058744	17.332755	1.019557	
Au	-3.058744	19.371955	3.058757	
Au	-1.019544	17.332755	3.058757	
Au	-1.019544	19.371955	1.019557	
Au	1.019557	17.332755	1.019557	
Au	1.019557	19.371955	3.058757	
Au	3.058757	17.332755	3.058757	
Au	3.058757	19.371955	1.019557	
Au	5.097857	17.332755	1.019557	
Au	7.136954	17.332755	3.058757	
Au	9.176158	17.332755	1.019557	
Au	-5.097844	-17.332744	5.097857	
Au	-3.058744	-17.332744	7.136954	
Au	-1.019544	-17.332744	5.097857	
Au	1.019557	-17.332744	7.136954	
Au	3.058757	-17.332744	5.097857	
Au	5.097857	-17.332744	7.136954	
Au	7.136954	-17.332744	5.097857	
Au	-13.254443	-13.254443	5.097857	
Au	-11.215344	-15.293643	5.097857	
Au	-11.215344	-13.254443	7.136954	
Au	-9.176145	-15.293643	7.136954	
Au	-9.176145	-13.254443	5.097857	
Au	-7.137044	-15.293643	5.097857	
Au	-7.137044	-13.254443	7.136954	
Au	-5.097844	-15.293643	7.136954	
Au	-5.097844	-13.254443	5.097857	
Au	-3.058744	-15.293643	5.097857	
Au	-3.058744	-13.254443	7.136954	
Au	-1.019544	-15.293643	7.136954	
Au	-1.019544	-13.254443	5.097857	
Au	1.019557	-15.293643	5.097857	
Au	1.019557	-13.254443	7.136954	
Au	3.058757	-15.293643	7.136954	
Au	3.058757	-13.254443	5.097857	
Au	5.097857	-15.293643	5.097857	
Au	5.097857	-13.254443	7.136954	
Au	7.136954	-15.293643	7.136954	
Au	7.136954	-13.254443	5.097857	
Au	9.176158	-15.293643	5.097857	
Au	9.176158	-13.254443	7.136954	
Au	11.215358	-13.254443	5.097857	
Au	-15.293643	-11.215344	5.097857	
Au	-15.293643	-9.176145	7.136954	
Au	-13.254443	-11.215344	7.136954	
Au	-13.254443	-9.176145	5.097857	
Au	-11.215344	-11.215344	5.097857	
Au	-11.215344	-9.176145	7.136954	
Au	-9.176145	-11.215344	7.136954	
Au	-9.176145	-9.176145	5.097857	
Au	-7.137044	-11.215344	5.097857	
Au	-7.137044	-9.176145	7.136954	
Au	-5.097844	-11.215344	7.136954	
Au	-5.097844	-9.176145	5.097857	
Au	-3.058744	-11.215344	5.097857	
Au	-3.058744	-9.176145	7.136954	
Au	-1.019544	-11.215344	7.136954	
Au	-1.019544	-9.176145	5.097857	
Au	1.019557	-11.215344	5.097857	
Au	1.019557	-9.176145	7.136954	
Au	3.058757	-11.215344	7.136954	
Au	3.058757	-9.176145	5.097857	
Au	5.097857	-11.215344	5.097857	
Au	5.097857	-9.176145	7.136954	
Au	7.136954	-11.215344	7.136954	
Au	7.136954	-9.176145	5.097857	
Au	9.176158	-11.215344	5.097857	
Au	9.176158	-9.176145	7.136954	
Au	11.215358	-11.215344	7.136954	
Au	11.215358	-9.176145	5.097857	
Au	13.254455	-11.215344	5.097857	
Au	13.254455	-9.176145	7.136954	
Au	15.293654	-9.176145	5.097857	
Au	-17.332744	-5.097844	5.097857	
Au	-15.293643	-7.137044	5.097857	
Au	-15.293643	-5.097844	7.136954	
Au	-13.254443	-7.137044	7.136954	
Au	-13.254443	-5.097844	5.097857	
Au	-11.215344	-7.137044	5.097857	
Au	-11.215344	-5.097844	7.136954	
Au	-9.176145	-7.137044	7.136954	
Au	-9.176145	-5.097844	5.097857	
Au	-7.137044	-7.137044	5.097857	
Au	-7.137044	-5.097844	7.136954	
Au	-5.097844	-7.137044	7.136954	
Au	-5.097844	-5.097844	5.097857	
Au	-3.058744	-7.137044	5.097857	
Au	-3.058744	-5.097844	7.136954	
Au	-1.019544	-7.137044	7.136954	
Au	-1.019544	-5.097844	5.097857	
Au	1.019557	-7.137044	5.097857	
Au	1.019557	-5.097844	7.136954	
Au	3.058757	-7.137044	7.136954	
Au	3.058757	-5.097844	5.097857	
Au	5.097857	-7.137044	5.097857	
Au	5.097857	-5.097844	7.136954	
Au	7.136954	-7.137044	7.136954	
Au	7.136954	-5.097844	5.097857	
Au	9.176158	-7.137044	5.097857	
Au	9.176158	-5.097844	7.136954	
Au	11.215358	-7.137044	7.136954	
Au	11.215358	-5.097844	5.097857	
Au	13.254455	-7.137044	5.097857	
Au	13.254455	-5.097844	7.136954	
Au	15.293654	-7.137044	7.136954	
Au	15.293654	-5.097844	5.097857	
Au	17.332755	-7.137044	5.097857	
Au	17.332755	-5.097844	7.136954	
Au	-17.332744	-3.058744	7.136954	
Au	-17.332744	-1.019544	5.097857	
Au	-15.293643	-3.058744	5.097857	
Au	-15.293643	-1.019544	7.136954	
Au	-13.254443	-3.058744	7.136954	
Au	-13.254443	-1.019544	5.097857	
Au	-11.215344	-3.058744	5.097857	
Au	-11.215344	-1.019544	7.136954	
Au	-9.176145	-3.058744	7.136954	
Au	-9.176145	-1.019544	5.097857	
Au	-7.137044	-3.058744	5.097857	
Au	-7.137044	-1.019544	7.136954	
Au	-5.097844	-3.058744	7.136954	
Au	-5.097844	-1.019544	5.097857	
Au	-3.058744	-3.058744	5.097857	
Au	-3.058744	-1.019544	7.136954	
Au	-1.019544	-3.058744	7.136954	
Au	-1.019544	-1.019544	5.097857	
Au	1.019557	-3.058744	5.097857	
Au	1.019557	-1.019544	7.136954	
Au	3.058757	-3.058744	7.136954	
Au	3.058757	-1.019544	5.097857	
Au	5.097857	-3.058744	5.097857	
Au	5.097857	-1.019544	7.136954	
Au	7.136954	-3.058744	7.136954	
Au	7.136954	-1.019544	5.097857	
Au	9.176158	-3.058744	5.097857	
Au	9.176158	-1.019544	7.136954	
Au	11.215358	-3.058744	7.136954	
Au	11.215358	-1.019544	5.097857	
Au	13.254455	-3.058744	5.097857	
Au	13.254455	-1.019544	7.136954	
Au	15.293654	-3.058744	7.136954	
Au	15.293654	-1.019544	5.097857	
Au	17.332755	-3.058744	5.097857	
Au	17.332755	-1.019544	7.136954	
Au	-17.332744	1.019557	7.136954	
Au	-17.332744	3.058757	5.097857	
Au	-15.293643	1.019557	5.097857	
Au	-15.293643	3.058757	7.136954	
Au	-13.254443	1.019557	7.136954	
Au	-13.254443	3.058757	5.097857	
Au	-11.215344	1.019557	5.097857	
Au	-11.215344	3.058757	7.136954	
Au	-9.176145	1.019557	7.136954	
Au	-9.176145	3.058757	5.097857	
Au	-7.137044	1.019557	5.097857	
Au	-7.137044	3.058757	7.136954	
Au	-5.097844	1.019557	7.136954	
Au	-5.097844	3.058757	5.097857	
Au	-3.058744	1.019557	5.097857	
Au	-3.058744	3.058757	7.136954	
Au	-1.019544	1.019557	7.136954	
Au	-1.019544	3.058757	5.097857	
Au	1.019557	1.019557	5.097857	
Au	1.019557	3.058757	7.136954	
Au	3.058757	1.019557	7.136954	
Au	3.058757	3.058757	5.097857	
Au	5.097857	1.019557	5.097857	
Au	5.097857	3.058757	7.136954	
Au	7.136954	1.019557	7.136954	
Au	7.136954	3.058757	5.097857	
Au	9.176158	1.019557	5.097857	
Au	9.176158	3.058757	7.136954	
Au	11.215358	1.019557	7.136954	
Au	11.215358	3.058757	5.097857	
Au	13.254455	1.019557	5.097857	
Au	13.254455	3.058757	7.136954	
Au	15.293654	1.019557	7.136954	
Au	15.293654	3.058757	5.097857	
Au	17.332755	1.019557	5.097857	
Au	17.332755	3.058757	7.136954	
Au	-17.332744	5.097857	7.136954	
Au	-17.332744	7.136954	5.097857	
Au	-15.293643	5.097857	5.097857	
Au	-15.293643	7.136954	7.136954	
Au	-13.254443	5.097857	7.136954	
Au	-13.254443	7.136954	5.097857	
Au	-11.215344	5.097857	5.097857	
Au	-11.215344	7.136954	7.136954	
Au	-9.176145	5.097857	7.136954	
Au	-9.176145	7.136954	5.097857	
Au	-7.137044	5.097857	5.097857	
Au	-7.137044	7.136954	7.136954	
Au	-5.097844	5.097857	7.136954	
Au	-5.097844	7.136954	5.097857	
Au	-3.058744	5.097857	5.097857	
Au	-3.058744	7.136954	7.136954	
Au	-1.019544	5.097857	7.136954	
Au	-1.019544	7.136954	5.097857	
Au	1.019557	5.097857	5.097857	
Au	1.019557	7.136954	7.136954	
Au	3.058757	5.097857	7.136954	
Au	3.058757	7.136954	5.097857	
Au	5.097857	5.097857	5.097857	
Au	5.097857	7.136954	7.136954	
Au	7.136954	5.097857	7.136954	
Au	7.136954	7.136954	5.097857	
Au	9.176158	5.097857	5.097857	
Au	9.176158	7.136954	7.136954	
Au	11.215358	5.097857	7.136954	
Au	11.215358	7.136954	5.097857	
Au	13.254455	5.097857	5.097857	
Au	13.254455	7.136954	7.136954	
Au	15.293654	5.097857	7.136954	
Au	15.293654	7.136954	5.097857	
Au	17.332755	5.097857	5.097857	
Au	-15.293643	9.176158	5.097857	
Au	-13.254443	9.176158	7.136954	
Au	-13.254443	11.215358	5.097857	
Au	-11.215344	9.176158	5.097857	
Au	-11.215344	11.215358	7.136954	
Au	-9.176145	9.176158	7.136954	
Au	-9.176145	11.215358	5.097857	
Au	-7.137044	9.176158	5.097857	
Au	-7.137044	11.215358	7.136954	
Au	-5.097844	9.176158	7.136954	
Au	-5.097844	11.215358	5.097857	
Au	-3.058744	9.176158	5.097857	
Au	-3.058744	11.215358	7.136954	
Au	-1.019544	9.176158	7.136954	
Au	-1.019544	11.215358	5.097857	
Au	1.019557	9.176158	5.097857	
Au	1.019557	11.215358	7.136954	
Au	3.058757	9.176158	7.136954	
Au	3.058757	11.215358	5.097857	
Au	5.097857	9.176158	5.097857	
Au	5.097857	11.215358	7.136954	
Au	7.136954	9.176158	7.136954	
Au	7.136954	11.215358	5.097857	
Au	9.176158	9.176158	5.097857	
Au	9.176158	11.215358	7.136954	
Au	11.215358	9.176158	7.136954	
Au	11.215358	11.215358	5.097857	
Au	13.254455	9.176158	5.097857	
Au	13.254455	11.215358	7.136954	
Au	15.293654	9.176158	7.136954	
Au	15.293654	11.215358	5.097857	
Au	-11.215344	13.254455	5.097857	
Au	-9.176145	13.254455	7.136954	
Au	-9.176145	15.293654	5.097857	
Au	-7.137044	13.254455	5.097857	
Au	-7.137044	15.293654	7.136954	
Au	-5.097844	13.254455	7.136954	
Au	-5.097844	15.293654	5.097857	
Au	-3.058744	13.254455	5.097857	
Au	-3.058744	15.293654	7.136954	
Au	-1.019544	13.254455	7.136954	
Au	-1.019544	15.293654	5.097857	
Au	1.019557	13.254455	5.097857	
Au	1.019557	15.293654	7.136954	
Au	3.058757	13.254455	7.136954	
Au	3.058757	15.293654	5.097857	
Au	5.097857	13.254455	5.097857	
Au	5.097857	15.293654	7.136954	
Au	7.136954	13.254455	7.136954	
Au	7.136954	15.293654	5.097857	
Au	9.176158	13.254455	5.097857	
Au	9.176158	15.293654	7.136954	
Au	11.215358	13.254455	7.136954	
Au	11.215358	15.293654	5.097857	
Au	13.254455	13.254455	5.097857	
Au	-7.137044	17.332755	5.097857	
Au	-5.097844	17.332755	7.136954	
Au	-3.058744	17.332755	5.097857	
Au	-1.019544	17.332755	7.136954	
Au	1.019557	17.332755	5.097857	
Au	3.058757	17.332755	7.136954	
Au	5.097857	17.332755	5.097857	
Au	-1.019544	-17.332744	9.176158	
Au	3.058757	-17.332744	9.176158	
Au	-9.176145	-13.254443	9.176158	
Au	-7.137044	-15.293643	9.176158	
Au	-7.137044	-13.254443	11.215358	
Au	-5.097844	-15.293643	11.215358	
Au	-5.097844	-13.254443	9.176158	
Au	-3.058744	-15.293643	9.176158	
Au	-3.058744	-13.254443	11.215358	
Au	-1.019544	-15.293643	11.215358	
Au	-1.019544	-13.254443	9.176158	
Au	1.019557	-15.293643	9.176158	
Au	1.019557	-13.254443	11.215358	
Au	3.058757	-15.293643	11.215358	
Au	3.058757	-13.254443	9.176158	
Au	5.097857	-15.293643	9.176158	
Au	5.097857	-13.254443	11.215358	
Au	7.136954	-13.254443	9.176158	
Au	9.176158	-13.254443	11.215358	
Au	11.215358	-13.254443	9.176158	
Au	-13.254443	-9.176145	9.176158	
Au	-11.215344	-11.215344	9.176158	
Au	-11.215344	-9.176145	11.215358	
Au	-9.176145	-11.215344	11.215358	
Au	-9.176145	-9.176145	9.176158	
Au	-7.137044	-11.215344	9.176158	
Au	-7.137044	-9.176145	11.215358	
Au	-5.097844	-11.215344	11.215358	
Au	-5.097844	-9.176145	9.176158	
Au	-3.058744	-11.215344	9.176158	
Au	-3.058744	-9.176145	11.215358	
Au	-1.019544	-11.215344	11.215358	
Au	-1.019544	-9.176145	9.176158	
Au	1.019557	-11.215344	9.176158	
Au	1.019557	-9.176145	11.215358	
Au	3.058757	-11.215344	11.215358	
Au	3.058757	-9.176145	9.176158	
Au	5.097857	-11.215344	9.176158	
Au	5.097857	-9.176145	11.215358	
Au	7.136954	-11.215344	11.215358	
Au	7.136954	-9.176145	9.176158	
Au	9.176158	-11.215344	9.176158	
Au	9.176158	-9.176145	11.215358	
Au	11.215358	-11.215344	11.215358	
Au	11.215358	-9.176145	9.176158	
Au	13.254455	-11.215344	9.176158	
Au	13.254455	-9.176145	11.215358	
Au	-15.293643	-7.137044	9.176158	
Au	-15.293643	-5.097844	11.215358	
Au	-13.254443	-7.137044	11.215358	
Au	-13.254443	-5.097844	9.176158	
Au	-11.215344	-7.137044	9.176158	
Au	-11.215344	-5.097844	11.215358	
Au	-9.176145	-7.137044	11.215358	
Au	-9.176145	-5.097844	9.176158	
Au	-7.137044	-7.137044	9.176158	
Au	-7.137044	-5.097844	11.215358	
Au	-5.097844	-7.137044	11.215358	
Au	-5.097844	-5.097844	9.176158	
Au	-3.058744	-7.137044	9.176158	
Au	-3.058744	-5.097844	11.215358	
Au	-1.019544	-7.137044	11.215358	
Au	-1.019544	-5.097844	9.176158	
Au	1.019557	-7.137044	9.176158	
Au	1.019557	-5.097844	11.215358	
Au	3.058757	-7.137044	11.215358	
Au	3.058757	-5.097844	9.176158	
Au	5.097857	-7.137044	9.176158	
Au	5.097857	-5.097844	11.215358	
Au	7.136954	-7.137044	11.215358	
Au	7.136954	-5.097844	9.176158	
Au	9.176158	-7.137044	9.176158	
Au	9.176158	-5.097844	11.215358	
Au	11.215358	-7.137044	11.215358	
Au	11.215358	-5.097844	9.176158	
Au	13.254455	-7.137044	9.176158	
Au	13.254455	-5.097844	11.215358	
Au	15.293654	-5.097844	9.176158	
Au	-17.332744	-1.019544	9.176158	
Au	-15.293643	-3.058744	9.176158	
Au	-15.293643	-1.019544	11.215358	
Au	-13.254443	-3.058744	11.215358	
Au	-13.254443	-1.019544	9.176158	
Au	-11.215344	-3.058744	9.176158	
Au	-11.215344	-1.019544	11.215358	
Au	-9.176145	-3.058744	11.215358	
Au	-9.176145	-1.019544	9.176158	
Au	-7.137044	-3.058744	9.176158	
Au	-7.137044	-1.019544	11.215358	
Au	-5.097844	-3.058744	11.215358	
Au	-5.097844	-1.019544	9.176158	
Au	-3.058744	-3.058744	9.176158	
Au	-3.058744	-1.019544	11.215358	
Au	-1.019544	-3.058744	11.215358	
Au	-1.019544	-1.019544	9.176158	
Au	1.019557	-3.058744	9.176158	
Au	1.019557	-1.019544	11.215358	
Au	3.058757	-3.058744	11.215358	
Au	3.058757	-1.019544	9.176158	
Au	5.097857	-3.058744	9.176158	
Au	5.097857	-1.019544	11.215358	
Au	7.136954	-3.058744	11.215358	
Au	7.136954	-1.019544	9.176158	
Au	9.176158	-3.058744	9.176158	
Au	9.176158	-1.019544	11.215358	
Au	11.215358	-3.058744	11.215358	
Au	11.215358	-1.019544	9.176158	
Au	13.254455	-3.058744	9.176158	
Au	13.254455	-1.019544	11.215358	
Au	15.293654	-3.058744	11.215358	
Au	15.293654	-1.019544	9.176158	
Au	17.332755	-3.058744	9.176158	
Au	-17.332744	3.058757	9.176158	
Au	-15.293643	1.019557	9.176158	
Au	-15.293643	3.058757	11.215358	
Au	-13.254443	1.019557	11.215358	
Au	-13.254443	3.058757	9.176158	
Au	-11.215344	1.019557	9.176158	
Au	-11.215344	3.058757	11.215358	
Au	-9.176145	1.019557	11.215358	
Au	-9.176145	3.058757	9.176158	
Au	-7.137044	1.019557	9.176158	
Au	-7.137044	3.058757	11.215358	
Au	-5.097844	1.019557	11.215358	
Au	-5.097844	3.058757	9.176158	
Au	-3.058744	1.019557	9.176158	
Au	-3.058744	3.058757	11.215358	
Au	-1.019544	1.019557	11.215358	
Au	-1.019544	3.058757	9.176158	
Au	1.019557	1.019557	9.176158	
Au	1.019557	3.058757	11.215358	
Au	3.058757	1.019557	11.215358	
Au	3.058757	3.058757	9.176158	
Au	5.097857	1.019557	9.176158	
Au	5.097857	3.058757	11.215358	
Au	7.136954	1.019557	11.215358	
Au	7.136954	3.058757	9.176158	
Au	9.176158	1.019557	9.176158	
Au	9.176158	3.058757	11.215358	
Au	11.215358	1.019557	11.215358	
Au	11.215358	3.058757	9.176158	
Au	13.254455	1.019557	9.176158	
Au	13.254455	3.058757	11.215358	
Au	15.293654	1.019557	11.215358	
Au	15.293654	3.058757	9.176158	
Au	17.332755	1.019557	9.176158	
Au	-15.293643	5.097857	9.176158	
Au	-13.254443	5.097857	11.215358	
Au	-13.254443	7.136954	9.176158	
Au	-11.215344	5.097857	9.176158	
Au	-11.215344	7.136954	11.215358	
Au	-9.176145	5.097857	11.215358	
Au	-9.176145	7.136954	9.176158	
Au	-7.137044	5.097857	9.176158	
Au	-7.137044	7.136954	11.215358	
Au	-5.097844	5.097857	11.215358	
Au	-5.097844	7.136954	9.176158	
Au	-3.058744	5.097857	9.176158	
Au	-3.058744	7.136954	11.215358	
Au	-1.019544	5.097857	11.215358	
Au	-1.019544	7.136954	9.176158	
Au	1.019557	5.097857	9.176158	
Au	1.019557	7.136954	11.215358	
Au	3.058757	5.097857	11.215358	
Au	3.058757	7.136954	9.176158	
Au	5.097857	5.097857	9.176158	
Au	5.097857	7.136954	11.215358	
Au	7.136954	5.097857	11.215358	
Au	7.136954	7.136954	9.176158	
Au	9.176158	5.097857	9.176158	
Au	9.176158	7.136954	11.215358	
Au	11.215358	5.097857	11.215358	
Au	11.215358	7.136954	9.176158	
Au	13.254455	5.097857	9.176158	
Au	13.254455	7.136954	11.215358	
Au	15.293654	5.097857	11.215358	
Au	15.293654	7.136954	9.176158	
Au	-13.254443	9.176158	11.215358	
Au	-13.254443	11.215358	9.176158	
Au	-11.215344	9.176158	9.176158	
Au	-11.215344	11.215358	11.215358	
Au	-9.176145	9.176158	11.215358	
Au	-9.176145	11.215358	9.176158	
Au	-7.137044	9.176158	9.176158	
Au	-7.137044	11.215358	11.215358	
Au	-5.097844	9.176158	11.215358	
Au	-5.097844	11.215358	9.176158	
Au	-3.058744	9.176158	9.176158	
Au	-3.058744	11.215358	11.215358	
Au	-1.019544	9.176158	11.215358	
Au	-1.019544	11.215358	9.176158	
Au	1.019557	9.176158	9.176158	
Au	1.019557	11.215358	11.215358	
Au	3.058757	9.176158	11.215358	
Au	3.058757	11.215358	9.176158	
Au	5.097857	9.176158	9.176158	
Au	5.097857	11.215358	11.215358	
Au	7.136954	9.176158	11.215358	
Au	7.136954	11.215358	9.176158	
Au	9.176158	9.176158	9.176158	
Au	9.176158	11.215358	11.215358	
Au	11.215358	9.176158	11.215358	
Au	11.215358	11.215358	9.176158	
Au	13.254455	9.176158	9.176158	
Au	-11.215344	13.254455	9.176158	
Au	-9.176145	13.254455	11.215358	
Au	-7.137044	13.254455	9.176158	
Au	-5.097844	13.254455	11.215358	
Au	-5.097844	15.293654	9.176158	
Au	-3.058744	13.254455	9.176158	
Au	-3.058744	15.293654	11.215358	
Au	-1.019544	13.254455	11.215358	
Au	-1.019544	15.293654	9.176158	
Au	1.019557	13.254455	9.176158	
Au	1.019557	15.293654	11.215358	
Au	3.058757	13.254455	11.215358	
Au	3.058757	15.293654	9.176158	
Au	5.097857	13.254455	9.176158	
Au	5.097857	15.293654	11.215358	
Au	7.136954	13.254455	11.215358	
Au	7.136954	15.293654	9.176158	
Au	9.176158	13.254455	9.176158	
Au	-3.058744	17.332755	9.176158	
Au	1.019557	17.332755	9.176158	
Au	-5.097844	-13.254443	13.254455	
Au	-1.019544	-13.254443	13.254455	
Au	3.058757	-13.254443	13.254455	
Au	-9.176145	-9.176145	13.254455	
Au	-7.137044	-11.215344	13.254455	
Au	-7.137044	-9.176145	15.293654	
Au	-5.097844	-11.215344	15.293654	
Au	-5.097844	-9.176145	13.254455	
Au	-3.058744	-11.215344	13.254455	
Au	-3.058744	-9.176145	15.293654	
Au	-1.019544	-11.215344	15.293654	
Au	-1.019544	-9.176145	13.254455	
Au	1.019557	-11.215344	13.254455	
Au	1.019557	-9.176145	15.293654	
Au	3.058757	-11.215344	15.293654	
Au	3.058757	-9.176145	13.254455	
Au	5.097857	-11.215344	13.254455	
Au	5.097857	-9.176145	15.293654	
Au	7.136954	-9.176145	13.254455	
Au	9.176158	-11.215344	13.254455	
Au	11.215358	-9.176145	13.254455	
Au	-13.254443	-5.097844	13.254455	
Au	-11.215344	-7.137044	13.254455	
Au	-11.215344	-5.097844	15.293654	
Au	-9.176145	-7.137044	15.293654	
Au	-9.176145	-5.097844	13.254455	
Au	-7.137044	-7.137044	13.254455	
Au	-7.137044	-5.097844	15.293654	
Au	-5.097844	-7.137044	15.293654	
Au	-5.097844	-5.097844	13.254455	
Au	-3.058744	-7.137044	13.254455	
Au	-3.058744	-5.097844	15.293654	
Au	-1.019544	-7.137044	15.293654	
Au	-1.019544	-5.097844	13.254455	
Au	1.019557	-7.137044	13.254455	
Au	1.019557	-5.097844	15.293654	
Au	3.058757	-7.137044	15.293654	
Au	3.058757	-5.097844	13.254455	
Au	5.097857	-7.137044	13.254455	
Au	5.097857	-5.097844	15.293654	
Au	7.136954	-7.137044	15.293654	
Au	7.136954	-5.097844	13.254455	
Au	9.176158	-7.137044	13.254455	
Au	9.176158	-5.097844	15.293654	
Au	11.215358	-5.097844	13.254455	
Au	-13.254443	-1.019544	13.254455	
Au	-11.215344	-3.058744	13.254455	
Au	-11.215344	-1.019544	15.293654	
Au	-9.176145	-3.058744	15.293654	
Au	-9.176145	-1.019544	13.254455	
Au	-7.137044	-3.058744	13.254455	
Au	-7.137044	-1.019544	15.293654	
Au	-5.097844	-3.058744	15.293654	
Au	-5.097844	-1.019544	13.254455	
Au	-3.058744	-3.058744	13.254455	
Au	-3.058744	-1.019544	15.293654	
Au	-1.019544	-3.058744	15.293654	
Au	-1.019544	-1.019544	13.254455	
Au	1.019557	-3.058744	13.254455	
Au	1.019557	-1.019544	15.293654	
Au	3.058757	-3.058744	15.293654	
Au	3.058757	-1.019544	13.254455	
Au	5.097857	-3.058744	13.254455	
Au	5.097857	-1.019544	15.293654	
Au	7.136954	-3.058744	15.293654	
Au	7.136954	-1.019544	13.254455	
Au	9.176158	-3.058744	13.254455	
Au	9.176158	-1.019544	15.293654	
Au	11.215358	-3.058744	15.293654	
Au	11.215358	-1.019544	13.254455	
Au	13.254455	-3.058744	13.254455	
Au	-13.254443	3.058757	13.254455	
Au	-11.215344	1.019557	13.254455	
Au	-11.215344	3.058757	15.293654	
Au	-9.176145	1.019557	15.293654	
Au	-9.176145	3.058757	13.254455	
Au	-7.137044	1.019557	13.254455	
Au	-7.137044	3.058757	15.293654	
Au	-5.097844	1.019557	15.293654	
Au	-5.097844	3.058757	13.254455	
Au	-3.058744	1.019557	13.254455	
Au	-3.058744	3.058757	15.293654	
Au	-1.019544	1.019557	15.293654	
Au	-1.019544	3.058757	13.254455	
Au	1.019557	1.019557	13.254455	
Au	1.019557	3.058757	15.293654	
Au	3.058757	1.019557	15.293654	
Au	3.058757	3.058757	13.254455	
Au	5.097857	1.019557	13.254455	
Au	5.097857	3.058757	15.293654	
Au	7.136954	1.019557	15.293654	
Au	7.136954	3.058757	13.254455	
Au	9.176158	1.019557	13.254455	
Au	9.176158	3.058757	15.293654	
Au	11.215358	1.019557	15.293654	
Au	11.215358	3.058757	13.254455	
Au	13.254455	1.019557	13.254455	
Au	-11.215344	5.097857	13.254455	
Au	-9.176145	5.097857	15.293654	
Au	-9.176145	7.136954	13.254455	
Au	-7.137044	5.097857	13.254455	
Au	-7.137044	7.136954	15.293654	
Au	-5.097844	5.097857	15.293654	
Au	-5.097844	7.136954	13.254455	
Au	-3.058744	5.097857	13.254455	
Au	-3.058744	7.136954	15.293654	
Au	-1.019544	5.097857	15.293654	
Au	-1.019544	7.136954	13.254455	
Au	1.019557	5.097857	13.254455	
Au	1.019557	7.136954	15.293654	
Au	3.058757	5.097857	15.293654	
Au	3.058757	7.136954	13.254455	
Au	5.097857	5.097857	13.254455	
Au	5.097857	7.136954	15.293654	
Au	7.136954	5.097857	15.293654	
Au	7.136954	7.136954	13.254455	
Au	9.176158	5.097857	13.254455	
Au	9.176158	7.136954	15.293654	
Au	11.215358	5.097857	15.293654	
Au	11.215358	7.136954	13.254455	
Au	13.254455	5.097857	13.254455	
Au	-11.215344	9.176158	13.254455	
Au	-9.176145	11.215358	13.254455	
Au	-7.137044	9.176158	13.254455	
Au	-5.097844	9.176158	15.293654	
Au	-5.097844	11.215358	13.254455	
Au	-3.058744	9.176158	13.254455	
Au	-3.058744	11.215358	15.293654	
Au	-1.019544	9.176158	15.293654	
Au	-1.019544	11.215358	13.254455	
Au	1.019557	9.176158	13.254455	
Au	1.019557	11.215358	15.293654	
Au	3.058757	9.176158	15.293654	
Au	3.058757	11.215358	13.254455	
Au	5.097857	9.176158	13.254455	
Au	5.097857	11.215358	15.293654	
Au	7.136954	9.176158	15.293654	
Au	7.136954	11.215358	13.254455	
Au	9.176158	9.176158	13.254455	
Au	-3.058744	13.254455	13.254455	
Au	1.019557	13.254455	13.254455	
Au	5.097857	13.254455	13.254455	
Au	-1.019544	-9.176145	17.332755	
Au	3.058757	-9.176145	17.332755	
Au	-5.097844	-5.097844	17.332755	
Au	-3.058744	-7.137044	17.332755	
Au	-1.019544	-5.097844	17.332755	
Au	1.019557	-7.137044	17.332755	
Au	3.058757	-5.097844	17.332755	
Au	5.097857	-7.137044	17.332755	
Au	7.136954	-5.097844	17.332755	
Au	-9.176145	-1.019544	17.332755	
Au	-7.137044	-3.058744	17.332755	
Au	-5.097844	-1.019544	17.332755	
Au	-3.058744	-3.058744	17.332755	
Au	-3.058744	-1.019544	19.371955	
Au	-1.019544	-3.058744	19.371955	
Au	-1.019544	-1.019544	17.332755	
Au	1.019557	-3.058744	17.332755	
Au	1.019557	-1.019544	19.371955	
Au	3.058757	-3.058744	19.371955	
Au	3.058757	-1.019544	17.332755	
Au	5.097857	-3.058744	17.332755	
Au	7.136954	-1.019544	17.332755	
Au	9.176158	-3.058744	17.332755	
Au	-9.176145	3.058757	17.332755	
Au	-7.137044	1.019557	17.332755	
Au	-5.097844	3.058757	17.332755	
Au	-3.058744	1.019557	17.332755	
Au	-3.058744	3.058757	19.371955	
Au	-1.019544	1.019557	19.371955	
Au	-1.019544	3.058757	17.332755	
Au	1.019557	1.019557	17.332755	
Au	1.019557	3.058757	19.371955	
Au	3.058757	1.019557	19.371955	
Au	3.058757	3.058757	17.332755	
Au	5.097857	1.019557	17.332755	
Au	7.136954	3.058757	17.332755	
Au	9.176158	1.019557	17.332755	
Au	-7.137044	5.097857	17.332755	
Au	-5.097844	7.136954	17.332755	
Au	-3.058744	5.097857	17.332755	
Au	-1.019544	7.136954	17.332755	
Au	1.019557	5.097857	17.332755	
Au	3.058757	7.136954	17.332755	
Au	5.097857	5.097857	17.332755	
Au	-3.058744	9.176158	17.332755	
Au	1.019557	9.176158	17.332755	
