240
 generated by VMD
 Au36       12.235000       14.274000        6.117000
 Au36       14.274000       12.235000        6.117000
 Au37       16.313000       14.274000        6.117000
 Au39       14.274000       16.313000        6.117000
 Au40       16.313000       18.351999        6.117000
 Au40       18.351999       16.313000        6.117000
 Au59       12.235000       10.196000       10.196000
 Au59       14.274000        8.157000       10.196000
 Au59       14.274000       10.196000        8.157000
 Au59       16.313000       10.196000       10.196000
 Au59       18.351999        8.157000       10.196000
 Au59       18.351999       10.196000        8.157000
 Au59       20.392000       10.196000       10.196000
 Au61        8.157000       14.274000       10.196000
 Au61       10.196000       12.235000       10.196000
 Au62       10.196000       14.274000        8.157000
 Au62       12.235000       12.235000        8.157000
 Au62       12.235000       14.274000       10.196000
 Au62       14.274000       12.235000       10.196000
 Au62       14.274000       14.274000        8.157000
 Au62       16.313000       12.235000        8.157000
 Au62       16.313000       14.274000       10.196000
 Au62       18.351999       12.235000       10.196000
 Au62       18.351999       14.274000        8.157000
 Au62       20.392000       12.235000        8.157000
 Au63       20.392000       14.274000       10.196000
 Au63       22.431000       12.235000       10.196000
 Au65        8.157000       18.351999       10.196000
 Au65       10.196000       16.313000       10.196000
 Au65       10.196000       18.351999        8.157000
 Au65       12.235000       16.313000        8.157000
 Au65       12.235000       18.351999       10.196000
 Au65       14.274000       16.313000       10.196000
 Au65       14.274000       18.351999        8.157000
 Au65       16.313000       16.313000        8.157000
 Au65       16.313000       18.351999       10.196000
 Au65       18.351999       16.313000       10.196000
 Au66       18.351999       18.351999        8.157000
 Au66       20.392000       16.313000        8.157000
 Au66       20.392000       18.351999       10.196000
 Au66       22.431000       16.313000       10.196000
 Au68       10.196000       20.392000       10.196000
 Au68       12.235000       20.392000        8.157000
 Au68       12.235000       22.431000       10.196000
 Au68       14.274000       20.392000       10.196000
 Au68       16.313000       20.392000        8.157000
 Au69       16.313000       22.431000       10.196000
 Au69       18.351999       20.392000       10.196000
 Au81       12.235000        6.117000       14.274000
 Au81       14.274000        6.117000       12.235000
 Au81       16.313000        6.117000       14.274000
 Au84        8.157000       10.196000       14.274000
 Au84       10.196000        8.157000       14.274000
 Au84       10.196000       10.196000       12.235000
 Au84       12.235000        8.157000       12.235000
 Au84       12.235000       10.196000       14.274000
 Au84       14.274000        8.157000       14.274000
 Au84       14.274000       10.196000       12.235000
 Au84       16.313000        8.157000       12.235000
 Au85       16.313000       10.196000       14.274000
 Au85       18.351999        8.157000       14.274000
 Au85       18.351999       10.196000       12.235000
 Au85       20.392000        8.157000       12.235000
 Au85       20.392000       10.196000       14.274000
 Au85       22.431000       10.196000       12.235000
 Au87        6.117000       12.235000       14.274000
 Au87        6.117000       14.274000       12.235000
 Au87        8.157000       12.235000       12.235000
 Au87        8.157000       14.274000       14.274000
 Au87       10.196000       12.235000       14.274000
 Au87       10.196000       14.274000       12.235000
 Au87       12.235000       12.235000       12.235000
 Au87       12.235000       14.274000       14.274000
 Au87       14.274000       12.235000       14.274000
 Au88       14.274000       14.274000       12.235000
 Au88       16.313000       12.235000       12.235000
 Au88       16.313000       14.274000       14.274000
 Au88       18.351999       12.235000       14.274000
 Au88       18.351999       14.274000       12.235000
 Au88       20.392000       12.235000       12.235000
 Au88       20.392000       14.274000       14.274000
 Au88       22.431000       12.235000       14.274000
 Au88       22.431000       14.274000       12.235000
 Au89       24.469999       14.274000       14.274000
 Au90        6.117000       16.313000       14.274000
 Au90        8.157000       16.313000       12.235000
 Au90        8.157000       18.351999       14.274000
 Au90       10.196000       16.313000       14.274000
 Au90       10.196000       18.351999       12.235000
 Au90       12.235000       16.313000       12.235000
 Au91       12.235000       18.351999       14.274000
 Au91       14.274000       16.313000       14.274000
 Au91       14.274000       18.351999       12.235000
 Au91       16.313000       16.313000       12.235000
 Au91       16.313000       18.351999       14.274000
 Au91       18.351999       16.313000       14.274000
 Au91       18.351999       18.351999       12.235000
 Au91       20.392000       16.313000       12.235000
 Au91       20.392000       18.351999       14.274000
 Au91       22.431000       16.313000       14.274000
 Au92       22.431000       18.351999       12.235000
 Au92       24.469999       16.313000       12.235000
 Au92       24.469999       18.351999       14.274000
 Au93        8.157000       20.392000       12.235000
 Au93       10.196000       20.392000       14.274000
 Au94       10.196000       22.431000       12.235000
 Au94       12.235000       20.392000       12.235000
 Au94       12.235000       22.431000       14.274000
 Au94       14.274000       20.392000       14.274000
 Au94       14.274000       22.431000       12.235000
 Au94       16.313000       20.392000       12.235000
 Au94       16.313000       22.431000       14.274000
 Au94       18.351999       20.392000       14.274000
 Au94       18.351999       22.431000       12.235000
 Au94       20.392000       20.392000       12.235000
 Au95       20.392000       22.431000       14.274000
 Au95       22.431000       20.392000       14.274000
 Au97       14.274000       24.469999       14.274000
 Au97       16.313000       24.469999       12.235000
 Au97       18.351999       24.469999       14.274000
 Au73       14.274000        6.117000       16.313000
 Au75       16.313000        6.117000       18.351999
 Au77       18.351999        6.117000       16.313000
 Au99        8.157000       10.196000       18.351999
 Au1B       10.196000        8.157000       18.351999
 Au2B       10.196000       10.196000       16.313000
 Au3B       12.235000        8.157000       16.313000
 Au4B       12.235000       10.196000       18.351999
 Au5B       14.274000        8.157000       18.351999
 Au6B       14.274000       10.196000       16.313000
 Au7B       16.313000        8.157000       16.313000
 Au8B       16.313000       10.196000       18.351999
 Au9B       18.351999        8.157000       18.351999
 Au10       18.351999       10.196000       16.313000
 Au11       20.392000        8.157000       16.313000
 Au12       20.392000       10.196000       18.351999
 Au14       22.431000       10.196000       16.313000
 Au30        6.117000       14.274000       16.313000
 Au31        8.157000       12.235000       16.313000
 Au32        8.157000       14.274000       18.351999
 Au33       10.196000       12.235000       18.351999
 Au34       10.196000       14.274000       16.313000
 Au35       12.235000       12.235000       16.313000
 Au36       12.235000       14.274000       18.351999
 Au37       14.274000       12.235000       18.351999
 Au38       14.274000       14.274000       16.313000
 Au39       16.313000       12.235000       16.313000
 Au40       16.313000       14.274000       18.351999
 Au41       18.351999       12.235000       18.351999
 Au42       18.351999       14.274000       16.313000
 Au43       20.392000       12.235000       16.313000
 Au44       20.392000       14.274000       18.351999
 Au45       22.431000       12.235000       18.351999
 Au46       22.431000       14.274000       16.313000
 Au47       24.469999       12.235000       16.313000
 Au48       24.469999       14.274000       18.351999
 Au61        6.117000       16.313000       18.351999
 Au62        6.117000       18.351999       16.313000
 Au63        8.157000       16.313000       16.313000
 Au64        8.157000       18.351999       18.351999
 Au65       10.196000       16.313000       18.351999
 Au66       10.196000       18.351999       16.313000
 Au67       12.235000       16.313000       16.313000
 Au68       12.235000       18.351999       18.351999
 Au69       14.274000       16.313000       18.351999
 Au70       14.274000       18.351999       16.313000
 Au71       16.313000       16.313000       16.313000
 Au72       16.313000       18.351999       18.351999
 Au73       18.351999       16.313000       18.351999
 Au74       18.351999       18.351999       16.313000
 Au75       20.392000       16.313000       16.313000
 Au76       20.392000       18.351999       18.351999
 Au77       22.431000       16.313000       18.351999
 Au78       22.431000       18.351999       16.313000
 Au79       24.469999       16.313000       16.313000
 Au95        8.157000       20.392000       16.313000
 Au97       10.196000       20.392000       18.351999
 Au98       10.196000       22.431000       16.313000
 Au99       12.235000       20.392000       16.313000
 Au1C       12.235000       22.431000       18.351999
 Au2C       14.274000       20.392000       18.351999
 Au3C       14.274000       22.431000       16.313000
 Au4C       16.313000       20.392000       16.313000
 Au5C       16.313000       22.431000       18.351999
 Au6C       18.351999       20.392000       18.351999
 Au7C       18.351999       22.431000       16.313000
 Au8C       20.392000       20.392000       16.313000
 Au9C       20.392000       22.431000       18.351999
 Au10       22.431000       20.392000       18.351999
 Au32       12.235000       24.469999       16.313000
 Au34       14.274000       24.469999       18.351999
 Au36       16.313000       24.469999       16.313000
 Au60       10.196000       10.196000       20.392000
 Au61       12.235000        8.157000       20.392000
 Au62       12.235000       10.196000       22.431000
 Au64       14.274000       10.196000       20.392000
 Au65       16.313000        8.157000       20.392000
 Au66       16.313000       10.196000       22.431000
 Au68       18.351999       10.196000       20.392000
 Au89        8.157000       12.235000       20.392000
 Au91       10.196000       12.235000       22.431000
 Au92       10.196000       14.274000       20.392000
 Au93       12.235000       12.235000       20.392000
 Au94       12.235000       14.274000       22.431000
 Au95       14.274000       12.235000       22.431000
 Au96       14.274000       14.274000       20.392000
 Au97       16.313000       12.235000       20.392000
 Au98       16.313000       14.274000       22.431000
 Au99       18.351999       12.235000       22.431000
 Au1E       18.351999       14.274000       20.392000
 Au2E       20.392000       12.235000       20.392000
 Au3E       20.392000       14.274000       22.431000
 Au5E       22.431000       14.274000       20.392000
 Au22        8.157000       16.313000       20.392000
 Au24       10.196000       16.313000       22.431000
 Au25       10.196000       18.351999       20.392000
 Au26       12.235000       16.313000       20.392000
 Au27       12.235000       18.351999       22.431000
 Au28       14.274000       16.313000       22.431000
 Au29       14.274000       18.351999       20.392000
 Au30       16.313000       16.313000       20.392000
 Au31       16.313000       18.351999       22.431000
 Au32       18.351999       16.313000       22.431000
 Au33       18.351999       18.351999       20.392000
 Au34       20.392000       16.313000       20.392000
 Au35       20.392000       18.351999       22.431000
 Au37       22.431000       18.351999       20.392000
 Au58       12.235000       20.392000       20.392000
 Au60       14.274000       20.392000       22.431000
 Au61       14.274000       22.431000       20.392000
 Au62       16.313000       20.392000       20.392000
 Au64       18.351999       20.392000       22.431000
 Au65       18.351999       22.431000       20.392000
 Au66       20.392000       20.392000       20.392000
 Au55       14.274000       14.274000       24.469999
 Au56       16.313000       12.235000       24.469999
 Au59       18.351999       14.274000       24.469999
 Au84       12.235000       16.313000       24.469999
 Au87       14.274000       18.351999       24.469999
 Au88       16.313000       16.313000       24.469999
