 generated by VMD
0	1	
30	0	0	
0	30	0	
0	0	30	
Au               1
  -3.058742	  -5.097842	  -9.176143	
Au               2
  -1.019542	  -7.137042	  -9.176143	
Au               3
  1.019559	  -5.097842	  -9.176143	
Au               4
  5.097859	  -5.097842	  -9.176143	
Au               5
  -7.137042	  -1.019542	  -9.176143	
Au               6
  -5.097842	  -3.058742	  -9.176143	
Au               7
  -3.058742	  -1.019542	  -9.176143	
Au               8
  -1.019542	  -3.058742	  -9.176143	
Au               9
  -1.019542	  -1.019542	  -11.215342	
Au               10
  1.019559	  -3.058742	  -11.215342	
Au               11
  1.019559	  -1.019542	  -9.176143	
Au               12
  3.058759	  -3.058742	  -9.176143	
Au               13
  3.058759	  -1.019542	  -11.215342	
Au               14
  5.097859	  -1.019542	  -9.176143	
Au               15
  -5.097842	  1.019559	  -9.176143	
Au               16
  -3.058742	  1.019559	  -11.215342	
Au               17
  -3.058742	  3.058759	  -9.176143	
Au               18
  -1.019542	  1.019559	  -9.176143	
Au               19
  -1.019542	  3.058759	  -11.215342	
Au               20
  1.019559	  1.019559	  -11.215342	
Au               21
  1.019559	  3.058759	  -9.176143	
Au               22
  3.058759	  1.019559	  -9.176143	
Au               23
  5.097859	  3.058759	  -9.176143	
Au               24
  7.136956	  1.019559	  -9.176143	
Au               25
  -5.097842	  5.097859	  -9.176143	
Au               26
  -1.019542	  5.097859	  -9.176143	
Au               27
  1.019559	  7.136956	  -9.176143	
Au               28
  3.058759	  5.097859	  -9.176143	
Au               29
  -3.058742	  -9.176143	  -5.097842	
Au               30
  -1.019542	  -9.176143	  -7.137042	
Au               31
  1.019559	  -9.176143	  -5.097842	
Au               32
  5.097859	  -9.176143	  -5.097842	
Au               33
  -7.137042	  -5.097842	  -5.097842	
Au               34
  -5.097842	  -7.137042	  -5.097842	
Au               35
  -5.097842	  -5.097842	  -7.137042	
Au               36
  -3.058742	  -7.137042	  -7.137042	
Au               37
  -3.058742	  -5.097842	  -5.097842	
Au               38
  -1.019542	  -7.137042	  -5.097842	
Au               39
  -1.019542	  -5.097842	  -7.137042	
Au               40
  1.019559	  -7.137042	  -7.137042	
Au               41
  1.019559	  -5.097842	  -5.097842	
Au               42
  3.058759	  -7.137042	  -5.097842	
Au               43
  3.058759	  -5.097842	  -7.137042	
Au               44
  5.097859	  -7.137042	  -7.137042	
Au               45
  5.097859	  -5.097842	  -5.097842	
Au               46
  7.136956	  -7.137042	  -5.097842	
Au               47
  7.136956	  -5.097842	  -7.137042	
Au               48
  9.176160	  -5.097842	  -5.097842	
Au               49
  -9.176143	  -3.058742	  -5.097842	
Au               50
  -9.176143	  -1.019542	  -7.137042	
Au               51
  -7.137042	  -3.058742	  -7.137042	
Au               52
  -7.137042	  -1.019542	  -5.097842	
Au               53
  -5.097842	  -3.058742	  -5.097842	
Au               54
  -5.097842	  -1.019542	  -7.137042	
Au               55
  -3.058742	  -3.058742	  -7.137042	
Au               56
  -3.058742	  -1.019542	  -5.097842	
Au               57
  -1.019542	  -3.058742	  -5.097842	
Au               58
  -1.019542	  -1.019542	  -7.137042	
Au               59
  1.019559	  -3.058742	  -7.137042	
Au               60
  1.019559	  -1.019542	  -5.097842	
Au               61
  3.058759	  -3.058742	  -5.097842	
Au               62
  3.058759	  -1.019542	  -7.137042	
Au               63
  5.097859	  -3.058742	  -7.137042	
Au               64
  5.097859	  -1.019542	  -5.097842	
Au               65
  7.136956	  -3.058742	  -5.097842	
Au               66
  7.136956	  -1.019542	  -7.137042	
Au               67
  9.176160	  -1.019542	  -5.097842	
Au               68
  -9.176143	  1.019559	  -5.097842	
Au               69
  -7.137042	  1.019559	  -7.137042	
Au               70
  -7.137042	  3.058759	  -5.097842	
Au               71
  -5.097842	  1.019559	  -5.097842	
Au               72
  -5.097842	  3.058759	  -7.137042	
Au               73
  -3.058742	  1.019559	  -7.137042	
Au               74
  -3.058742	  3.058759	  -5.097842	
Au               75
  -1.019542	  1.019559	  -5.097842	
Au               76
  -1.019542	  3.058759	  -7.137042	
Au               77
  1.019559	  1.019559	  -7.137042	
Au               78
  1.019559	  3.058759	  -5.097842	
Au               79
  3.058759	  1.019559	  -5.097842	
Au               80
  3.058759	  3.058759	  -7.137042	
Au               81
  5.097859	  1.019559	  -7.137042	
Au               82
  5.097859	  3.058759	  -5.097842	
Au               83
  7.136956	  1.019559	  -5.097842	
Au               84
  7.136956	  3.058759	  -7.137042	
Au               85
  9.176160	  1.019559	  -7.137042	
Au               86
  9.176160	  3.058759	  -5.097842	
Au               87
  -9.176143	  5.097859	  -5.097842	
Au               88
  -7.137042	  5.097859	  -7.137042	
Au               89
  -7.137042	  7.136956	  -5.097842	
Au               90
  -5.097842	  5.097859	  -5.097842	
Au               91
  -5.097842	  7.136956	  -7.137042	
Au               92
  -3.058742	  5.097859	  -7.137042	
Au               93
  -3.058742	  7.136956	  -5.097842	
Au               94
  -1.019542	  5.097859	  -5.097842	
Au               95
  -1.019542	  7.136956	  -7.137042	
Au               96
  1.019559	  5.097859	  -7.137042	
Au               97
  1.019559	  7.136956	  -5.097842	
Au               98
  3.058759	  5.097859	  -5.097842	
Au               99
  3.058759	  7.136956	  -7.137042	
Au               100
  5.097859	  5.097859	  -7.137042	
Au               101
  5.097859	  7.136956	  -5.097842	
Au               102
  7.136956	  5.097859	  -5.097842	
Au               103
  -5.097842	  9.176160	  -5.097842	
Au               104
  -1.019542	  9.176160	  -5.097842	
Au               105
  1.019559	  9.176160	  -7.137042	
Au               106
  3.058759	  9.176160	  -5.097842	
Au               107
  -7.137042	  -9.176143	  -1.019542	
Au               108
  -5.097842	  -9.176143	  -3.058742	
Au               109
  -3.058742	  -9.176143	  -1.019542	
Au               110
  -1.019542	  -11.215342	  -1.019542	
Au               111
  -1.019542	  -9.176143	  -3.058742	
Au               112
  1.019559	  -11.215342	  -3.058742	
Au               113
  1.019559	  -9.176143	  -1.019542	
Au               114
  3.058759	  -11.215342	  -1.019542	
Au               115
  3.058759	  -9.176143	  -3.058742	
Au               116
  5.097859	  -9.176143	  -1.019542	
Au               117
  -9.176143	  -7.137042	  -1.019542	
Au               118
  -9.176143	  -5.097842	  -3.058742	
Au               119
  -7.137042	  -7.137042	  -3.058742	
Au               120
  -7.137042	  -5.097842	  -1.019542	
Au               121
  -5.097842	  -7.137042	  -1.019542	
Au               122
  -5.097842	  -5.097842	  -3.058742	
Au               123
  -3.058742	  -7.137042	  -3.058742	
Au               124
  -3.058742	  -5.097842	  -1.019542	
Au               125
  -1.019542	  -7.137042	  -1.019542	
Au               126
  -1.019542	  -5.097842	  -3.058742	
Au               127
  1.019559	  -7.137042	  -3.058742	
Au               128
  1.019559	  -5.097842	  -1.019542	
Au               129
  3.058759	  -7.137042	  -1.019542	
Au               130
  3.058759	  -5.097842	  -3.058742	
Au               131
  5.097859	  -7.137042	  -3.058742	
Au               132
  5.097859	  -5.097842	  -1.019542	
Au               133
  7.136956	  -7.137042	  -1.019542	
Au               134
  7.136956	  -5.097842	  -3.058742	
Au               135
  9.176160	  -5.097842	  -1.019542	
Au               136
  -11.215342	  -1.019542	  -1.019542	
Au               137
  -9.176143	  -3.058742	  -1.019542	
Au               138
  -9.176143	  -1.019542	  -3.058742	
Au               139
  -7.137042	  -3.058742	  -3.058742	
Au               140
  -7.137042	  -1.019542	  -1.019542	
Au               141
  -5.097842	  -3.058742	  -1.019542	
Au               142
  -5.097842	  -1.019542	  -3.058742	
Au               143
  -3.058742	  -3.058742	  -3.058742	
Au               144
  -3.058742	  -1.019542	  -1.019542	
Au               145
  -1.019542	  -3.058742	  -1.019542	
Au               146
  -1.019542	  -1.019542	  -3.058742	
Au               147
  1.019559	  -3.058742	  -3.058742	
Au               148
  1.019559	  -1.019542	  -1.019542	
Au               149
  3.058759	  -3.058742	  -1.019542	
Au               150
  3.058759	  -1.019542	  -3.058742	
Au               151
  5.097859	  -3.058742	  -3.058742	
Au               152
  5.097859	  -1.019542	  -1.019542	
Au               153
  7.136956	  -3.058742	  -1.019542	
Au               154
  7.136956	  -1.019542	  -3.058742	
Au               155
  9.176160	  -3.058742	  -3.058742	
Au               156
  9.176160	  -1.019542	  -1.019542	
Au               157
  11.215360	  -3.058742	  -1.019542	
Au               158
  11.215360	  -1.019542	  -3.058742	
Au               159
  -11.215342	  1.019559	  -3.058742	
Au               160
  -11.215342	  3.058759	  -1.019542	
Au               161
  -9.176143	  1.019559	  -1.019542	
Au               162
  -9.176143	  3.058759	  -3.058742	
Au               163
  -7.137042	  1.019559	  -3.058742	
Au               164
  -7.137042	  3.058759	  -1.019542	
Au               165
  -5.097842	  1.019559	  -1.019542	
Au               166
  -5.097842	  3.058759	  -3.058742	
Au               167
  -3.058742	  1.019559	  -3.058742	
Au               168
  -3.058742	  3.058759	  -1.019542	
Au               169
  -1.019542	  1.019559	  -1.019542	
Au               170
  -1.019542	  3.058759	  -3.058742	
Au               171
  1.019559	  1.019559	  -3.058742	
Au               172
  1.019559	  3.058759	  -1.019542	
Au               173
  3.058759	  1.019559	  -1.019542	
Au               174
  3.058759	  3.058759	  -3.058742	
Au               175
  5.097859	  1.019559	  -3.058742	
Au               176
  5.097859	  3.058759	  -1.019542	
Au               177
  7.136956	  1.019559	  -1.019542	
Au               178
  7.136956	  3.058759	  -3.058742	
Au               179
  9.176160	  1.019559	  -3.058742	
Au               180
  9.176160	  3.058759	  -1.019542	
Au               181
  11.215360	  1.019559	  -1.019542	
Au               182
  -9.176143	  5.097859	  -1.019542	
Au               183
  -7.137042	  5.097859	  -3.058742	
Au               184
  -7.137042	  7.136956	  -1.019542	
Au               185
  -5.097842	  5.097859	  -1.019542	
Au               186
  -5.097842	  7.136956	  -3.058742	
Au               187
  -3.058742	  5.097859	  -3.058742	
Au               188
  -3.058742	  7.136956	  -1.019542	
Au               189
  -1.019542	  5.097859	  -1.019542	
Au               190
  -1.019542	  7.136956	  -3.058742	
Au               191
  1.019559	  5.097859	  -3.058742	
Au               192
  1.019559	  7.136956	  -1.019542	
Au               193
  3.058759	  5.097859	  -1.019542	
Au               194
  3.058759	  7.136956	  -3.058742	
Au               195
  5.097859	  5.097859	  -3.058742	
Au               196
  5.097859	  7.136956	  -1.019542	
Au               197
  7.136956	  5.097859	  -1.019542	
Au               198
  7.136956	  7.136956	  -3.058742	
Au               199
  9.176160	  5.097859	  -3.058742	
Au               200
  9.176160	  7.136956	  -1.019542	
Au               201
  -5.097842	  9.176160	  -1.019542	
Au               202
  -3.058742	  9.176160	  -3.058742	
Au               203
  -3.058742	  11.215360	  -1.019542	
Au               204
  -1.019542	  9.176160	  -1.019542	
Au               205
  -1.019542	  11.215360	  -3.058742	
Au               206
  1.019559	  9.176160	  -3.058742	
Au               207
  1.019559	  11.215360	  -1.019542	
Au               208
  3.058759	  9.176160	  -1.019542	
Au               209
  5.097859	  9.176160	  -3.058742	
Au               210
  7.136956	  9.176160	  -1.019542	
Au               211
  -5.097842	  -9.176143	  1.019559	
Au               212
  -3.058742	  -11.215342	  1.019559	
Au               213
  -3.058742	  -9.176143	  3.058759	
Au               214
  -1.019542	  -11.215342	  3.058759	
Au               215
  -1.019542	  -9.176143	  1.019559	
Au               216
  1.019559	  -11.215342	  1.019559	
Au               217
  1.019559	  -9.176143	  3.058759	
Au               218
  3.058759	  -9.176143	  1.019559	
Au               219
  5.097859	  -9.176143	  3.058759	
Au               220
  7.136956	  -9.176143	  1.019559	
Au               221
  -9.176143	  -5.097842	  1.019559	
Au               222
  -7.137042	  -7.137042	  1.019559	
Au               223
  -7.137042	  -5.097842	  3.058759	
Au               224
  -5.097842	  -7.137042	  3.058759	
Au               225
  -5.097842	  -5.097842	  1.019559	
Au               226
  -3.058742	  -7.137042	  1.019559	
Au               227
  -3.058742	  -5.097842	  3.058759	
Au               228
  -1.019542	  -7.137042	  3.058759	
Au               229
  -1.019542	  -5.097842	  1.019559	
Au               230
  1.019559	  -7.137042	  1.019559	
Au               231
  1.019559	  -5.097842	  3.058759	
Au               232
  3.058759	  -7.137042	  3.058759	
Au               233
  3.058759	  -5.097842	  1.019559	
Au               234
  5.097859	  -7.137042	  1.019559	
Au               235
  5.097859	  -5.097842	  3.058759	
Au               236
  7.136956	  -7.137042	  3.058759	
Au               237
  7.136956	  -5.097842	  1.019559	
Au               238
  9.176160	  -7.137042	  1.019559	
Au               239
  9.176160	  -5.097842	  3.058759	
Au               240
  -11.215342	  -3.058742	  1.019559	
Au               241
  -11.215342	  -1.019542	  3.058759	
Au               242
  -9.176143	  -3.058742	  3.058759	
Au               243
  -9.176143	  -1.019542	  1.019559	
Au               244
  -7.137042	  -3.058742	  1.019559	
Au               245
  -7.137042	  -1.019542	  3.058759	
Au               246
  -5.097842	  -3.058742	  3.058759	
Au               247
  -5.097842	  -1.019542	  1.019559	
Au               248
  -3.058742	  -3.058742	  1.019559	
Au               249
  -3.058742	  -1.019542	  3.058759	
Au               250
  -1.019542	  -3.058742	  3.058759	
Au               251
  -1.019542	  -1.019542	  1.019559	
Au               252
  1.019559	  -3.058742	  1.019559	
Au               253
  1.019559	  -1.019542	  3.058759	
Au               254
  3.058759	  -3.058742	  3.058759	
Au               255
  3.058759	  -1.019542	  1.019559	
Au               256
  5.097859	  -3.058742	  1.019559	
Au               257
  5.097859	  -1.019542	  3.058759	
Au               258
  7.136956	  -3.058742	  3.058759	
Au               259
  7.136956	  -1.019542	  1.019559	
Au               260
  9.176160	  -3.058742	  1.019559	
Au               261
  9.176160	  -1.019542	  3.058759	
Au               262
  11.215360	  -1.019542	  1.019559	
Au               263
  -11.215342	  1.019559	  1.019559	
Au               264
  -9.176143	  1.019559	  3.058759	
Au               265
  -9.176143	  3.058759	  1.019559	
Au               266
  -7.137042	  1.019559	  1.019559	
Au               267
  -7.137042	  3.058759	  3.058759	
Au               268
  -5.097842	  1.019559	  3.058759	
Au               269
  -5.097842	  3.058759	  1.019559	
Au               270
  -3.058742	  1.019559	  1.019559	
Au               271
  -3.058742	  3.058759	  3.058759	
Au               272
  -1.019542	  1.019559	  3.058759	
Au               273
  -1.019542	  3.058759	  1.019559	
Au               274
  1.019559	  1.019559	  1.019559	
Au               275
  1.019559	  3.058759	  3.058759	
Au               276
  3.058759	  1.019559	  3.058759	
Au               277
  3.058759	  3.058759	  1.019559	
Au               278
  5.097859	  1.019559	  1.019559	
Au               279
  5.097859	  3.058759	  3.058759	
Au               280
  7.136956	  1.019559	  3.058759	
Au               281
  7.136956	  3.058759	  1.019559	
Au               282
  9.176160	  1.019559	  1.019559	
Au               283
  9.176160	  3.058759	  3.058759	
Au               284
  11.215360	  1.019559	  3.058759	
Au               285
  11.215360	  3.058759	  1.019559	
Au               286
  -9.176143	  5.097859	  3.058759	
Au               287
  -9.176143	  7.136956	  1.019559	
Au               288
  -7.137042	  5.097859	  1.019559	
Au               289
  -7.137042	  7.136956	  3.058759	
Au               290
  -5.097842	  5.097859	  3.058759	
Au               291
  -5.097842	  7.136956	  1.019559	
Au               292
  -3.058742	  5.097859	  1.019559	
Au               293
  -3.058742	  7.136956	  3.058759	
Au               294
  -1.019542	  5.097859	  3.058759	
Au               295
  -1.019542	  7.136956	  1.019559	
Au               296
  1.019559	  5.097859	  1.019559	
Au               297
  1.019559	  7.136956	  3.058759	
Au               298
  3.058759	  5.097859	  3.058759	
Au               299
  3.058759	  7.136956	  1.019559	
Au               300
  5.097859	  5.097859	  1.019559	
Au               301
  5.097859	  7.136956	  3.058759	
Au               302
  7.136956	  5.097859	  3.058759	
Au               303
  7.136956	  7.136956	  1.019559	
Au               304
  9.176160	  5.097859	  1.019559	
Au               305
  -7.137042	  9.176160	  1.019559	
Au               306
  -5.097842	  9.176160	  3.058759	
Au               307
  -3.058742	  9.176160	  1.019559	
Au               308
  -1.019542	  9.176160	  3.058759	
Au               309
  -1.019542	  11.215360	  1.019559	
Au               310
  1.019559	  9.176160	  1.019559	
Au               311
  1.019559	  11.215360	  3.058759	
Au               312
  3.058759	  9.176160	  3.058759	
Au               313
  3.058759	  11.215360	  1.019559	
Au               314
  5.097859	  9.176160	  1.019559	
Au               315
  -5.097842	  -9.176143	  5.097859	
Au               316
  -1.019542	  -9.176143	  5.097859	
Au               317
  1.019559	  -9.176143	  7.136956	
Au               318
  3.058759	  -9.176143	  5.097859	
Au               319
  -9.176143	  -5.097842	  5.097859	
Au               320
  -7.137042	  -7.137042	  5.097859	
Au               321
  -7.137042	  -5.097842	  7.136956	
Au               322
  -5.097842	  -7.137042	  7.136956	
Au               323
  -5.097842	  -5.097842	  5.097859	
Au               324
  -3.058742	  -7.137042	  5.097859	
Au               325
  -3.058742	  -5.097842	  7.136956	
Au               326
  -1.019542	  -7.137042	  7.136956	
Au               327
  -1.019542	  -5.097842	  5.097859	
Au               328
  1.019559	  -7.137042	  5.097859	
Au               329
  1.019559	  -5.097842	  7.136956	
Au               330
  3.058759	  -7.137042	  7.136956	
Au               331
  3.058759	  -5.097842	  5.097859	
Au               332
  5.097859	  -7.137042	  5.097859	
Au               333
  5.097859	  -5.097842	  7.136956	
Au               334
  7.136956	  -5.097842	  5.097859	
Au               335
  -9.176143	  -1.019542	  5.097859	
Au               336
  -7.137042	  -3.058742	  5.097859	
Au               337
  -7.137042	  -1.019542	  7.136956	
Au               338
  -5.097842	  -3.058742	  7.136956	
Au               339
  -5.097842	  -1.019542	  5.097859	
Au               340
  -3.058742	  -3.058742	  5.097859	
Au               341
  -3.058742	  -1.019542	  7.136956	
Au               342
  -1.019542	  -3.058742	  7.136956	
Au               343
  -1.019542	  -1.019542	  5.097859	
Au               344
  1.019559	  -3.058742	  5.097859	
Au               345
  1.019559	  -1.019542	  7.136956	
Au               346
  3.058759	  -3.058742	  7.136956	
Au               347
  3.058759	  -1.019542	  5.097859	
Au               348
  5.097859	  -3.058742	  5.097859	
Au               349
  5.097859	  -1.019542	  7.136956	
Au               350
  7.136956	  -3.058742	  7.136956	
Au               351
  7.136956	  -1.019542	  5.097859	
Au               352
  9.176160	  -3.058742	  5.097859	
Au               353
  9.176160	  -1.019542	  7.136956	
Au               354
  -9.176143	  1.019559	  7.136956	
Au               355
  -9.176143	  3.058759	  5.097859	
Au               356
  -7.137042	  1.019559	  5.097859	
Au               357
  -7.137042	  3.058759	  7.136956	
Au               358
  -5.097842	  1.019559	  7.136956	
Au               359
  -5.097842	  3.058759	  5.097859	
Au               360
  -3.058742	  1.019559	  5.097859	
Au               361
  -3.058742	  3.058759	  7.136956	
Au               362
  -1.019542	  1.019559	  7.136956	
Au               363
  -1.019542	  3.058759	  5.097859	
Au               364
  1.019559	  1.019559	  5.097859	
Au               365
  1.019559	  3.058759	  7.136956	
Au               366
  3.058759	  1.019559	  7.136956	
Au               367
  3.058759	  3.058759	  5.097859	
Au               368
  5.097859	  1.019559	  5.097859	
Au               369
  5.097859	  3.058759	  7.136956	
Au               370
  7.136956	  1.019559	  7.136956	
Au               371
  7.136956	  3.058759	  5.097859	
Au               372
  9.176160	  1.019559	  5.097859	
Au               373
  -7.137042	  5.097859	  5.097859	
Au               374
  -5.097842	  5.097859	  7.136956	
Au               375
  -5.097842	  7.136956	  5.097859	
Au               376
  -3.058742	  5.097859	  5.097859	
Au               377
  -3.058742	  7.136956	  7.136956	
Au               378
  -1.019542	  5.097859	  7.136956	
Au               379
  -1.019542	  7.136956	  5.097859	
Au               380
  1.019559	  5.097859	  5.097859	
Au               381
  1.019559	  7.136956	  7.136956	
Au               382
  3.058759	  5.097859	  7.136956	
Au               383
  3.058759	  7.136956	  5.097859	
Au               384
  5.097859	  5.097859	  5.097859	
Au               385
  5.097859	  7.136956	  7.136956	
Au               386
  7.136956	  5.097859	  7.136956	
Au               387
  7.136956	  7.136956	  5.097859	
Au               388
  9.176160	  5.097859	  5.097859	
Au               389
  -3.058742	  9.176160	  5.097859	
Au               390
  -1.019542	  9.176160	  7.136956	
Au               391
  1.019559	  9.176160	  5.097859	
Au               392
  5.097859	  9.176160	  5.097859	
Au               393
  -5.097842	  -5.097842	  9.176160	
Au               394
  -1.019542	  -5.097842	  9.176160	
Au               395
  1.019559	  -7.137042	  9.176160	
Au               396
  3.058759	  -5.097842	  9.176160	
Au               397
  -5.097842	  -1.019542	  9.176160	
Au               398
  -3.058742	  -3.058742	  9.176160	
Au               399
  -3.058742	  -1.019542	  11.215360	
Au               400
  -1.019542	  -3.058742	  11.215360	
Au               401
  -1.019542	  -1.019542	  9.176160	
Au               402
  1.019559	  -3.058742	  9.176160	
Au               403
  1.019559	  -1.019542	  11.215360	
Au               404
  3.058759	  -1.019542	  9.176160	
Au               405
  5.097859	  -3.058742	  9.176160	
Au               406
  7.136956	  -1.019542	  9.176160	
Au               407
  -7.137042	  1.019559	  9.176160	
Au               408
  -5.097842	  3.058759	  9.176160	
Au               409
  -3.058742	  1.019559	  9.176160	
Au               410
  -1.019542	  1.019559	  11.215360	
Au               411
  -1.019542	  3.058759	  9.176160	
Au               412
  1.019559	  1.019559	  9.176160	
Au               413
  1.019559	  3.058759	  11.215360	
Au               414
  3.058759	  1.019559	  11.215360	
Au               415
  3.058759	  3.058759	  9.176160	
Au               416
  5.097859	  1.019559	  9.176160	
Au               417
  -3.058742	  5.097859	  9.176160	
Au               418
  -1.019542	  7.136956	  9.176160	
Au               419
  1.019559	  5.097859	  9.176160	
Au               420
  5.097859	  5.097859	  9.176160	
