 generated by VMD
0	1	
30	0	0	
0	30	0	
0	0	30	
Au	1
  -3.058743	  -5.097843	  -13.254442	
Au	2
  1.019558	  -5.097843	  -13.254442	
Au	3
  -5.097843	  -3.058743	  -13.254442	
Au	4
  -3.058743	  -1.019543	  -13.254442	
Au	5
  -1.019543	  -3.058743	  -13.254442	
Au	6
  1.019558	  -1.019543	  -13.254442	
Au	7
  3.058758	  -3.058743	  -13.254442	
Au	8
  5.097858	  -1.019543	  -13.254442	
Au	9
  -5.097843	  1.019558	  -13.254442	
Au	10
  -3.058743	  3.058758	  -13.254442	
Au	11
  -1.019543	  1.019558	  -13.254442	
Au	12
  1.019558	  3.058758	  -13.254442	
Au	13
  3.058758	  1.019558	  -13.254442	
Au	14
  5.097858	  3.058758	  -13.254442	
Au	15
  -1.019543	  5.097858	  -13.254442	
Au	16
  3.058758	  5.097858	  -13.254442	
Au	17
  -7.137043	  -9.176144	  -9.176144	
Au	18
  -3.058743	  -9.176144	  -9.176144	
Au	19
  -1.019543	  -11.215343	  -9.176144	
Au	20
  -1.019543	  -9.176144	  -11.215343	
Au	21
  1.019558	  -9.176144	  -9.176144	
Au	22
  3.058758	  -11.215343	  -9.176144	
Au	23
  3.058758	  -9.176144	  -11.215343	
Au	24
  5.097858	  -9.176144	  -9.176144	
Au	25
  -9.176144	  -7.137043	  -9.176144	
Au	26
  -7.137043	  -5.097843	  -9.176144	
Au	27
  -5.097843	  -7.137043	  -9.176144	
Au	28
  -5.097843	  -5.097843	  -11.215343	
Au	29
  -3.058743	  -7.137043	  -11.215343	
Au	30
  -3.058743	  -5.097843	  -9.176144	
Au	31
  -1.019543	  -7.137043	  -9.176144	
Au	32
  -1.019543	  -5.097843	  -11.215343	
Au	33
  1.019558	  -7.137043	  -11.215343	
Au	34
  1.019558	  -5.097843	  -9.176144	
Au	35
  3.058758	  -7.137043	  -9.176144	
Au	36
  3.058758	  -5.097843	  -11.215343	
Au	37
  5.097858	  -7.137043	  -11.215343	
Au	38
  5.097858	  -5.097843	  -9.176144	
Au	39
  7.136955	  -7.137043	  -9.176144	
Au	40
  7.136955	  -5.097843	  -11.215343	
Au	41
  9.176159	  -5.097843	  -9.176144	
Au	42
  -11.215343	  -1.019543	  -9.176144	
Au	43
  -9.176144	  -3.058743	  -9.176144	
Au	44
  -9.176144	  -1.019543	  -11.215343	
Au	45
  -7.137043	  -3.058743	  -11.215343	
Au	46
  -7.137043	  -1.019543	  -9.176144	
Au	47
  -5.097843	  -3.058743	  -9.176144	
Au	48
  -5.097843	  -1.019543	  -11.215343	
Au	49
  -3.058743	  -3.058743	  -11.215343	
Au	50
  -3.058743	  -1.019543	  -9.176144	
Au	51
  -1.019543	  -3.058743	  -9.176144	
Au	52
  -1.019543	  -1.019543	  -11.215343	
Au	53
  1.019558	  -3.058743	  -11.215343	
Au	54
  1.019558	  -1.019543	  -9.176144	
Au	55
  3.058758	  -3.058743	  -9.176144	
Au	56
  3.058758	  -1.019543	  -11.215343	
Au	57
  5.097858	  -3.058743	  -11.215343	
Au	58
  5.097858	  -1.019543	  -9.176144	
Au	59
  7.136955	  -3.058743	  -9.176144	
Au	60
  7.136955	  -1.019543	  -11.215343	
Au	61
  9.176159	  -3.058743	  -11.215343	
Au	62
  9.176159	  -1.019543	  -9.176144	
Au	63
  11.215359	  -3.058743	  -9.176144	
Au	64
  -11.215343	  3.058758	  -9.176144	
Au	65
  -9.176144	  1.019558	  -9.176144	
Au	66
  -9.176144	  3.058758	  -11.215343	
Au	67
  -7.137043	  1.019558	  -11.215343	
Au	68
  -7.137043	  3.058758	  -9.176144	
Au	69
  -5.097843	  1.019558	  -9.176144	
Au	70
  -5.097843	  3.058758	  -11.215343	
Au	71
  -3.058743	  1.019558	  -11.215343	
Au	72
  -3.058743	  3.058758	  -9.176144	
Au	73
  -1.019543	  1.019558	  -9.176144	
Au	74
  -1.019543	  3.058758	  -11.215343	
Au	75
  1.019558	  1.019558	  -11.215343	
Au	76
  1.019558	  3.058758	  -9.176144	
Au	77
  3.058758	  1.019558	  -9.176144	
Au	78
  3.058758	  3.058758	  -11.215343	
Au	79
  5.097858	  1.019558	  -11.215343	
Au	80
  5.097858	  3.058758	  -9.176144	
Au	81
  7.136955	  1.019558	  -9.176144	
Au	82
  7.136955	  3.058758	  -11.215343	
Au	83
  9.176159	  1.019558	  -11.215343	
Au	84
  9.176159	  3.058758	  -9.176144	
Au	85
  11.215359	  1.019558	  -9.176144	
Au	86
  -9.176144	  5.097858	  -9.176144	
Au	87
  -7.137043	  5.097858	  -11.215343	
Au	88
  -7.137043	  7.136955	  -9.176144	
Au	89
  -5.097843	  5.097858	  -9.176144	
Au	90
  -5.097843	  7.136955	  -11.215343	
Au	91
  -3.058743	  5.097858	  -11.215343	
Au	92
  -3.058743	  7.136955	  -9.176144	
Au	93
  -1.019543	  5.097858	  -9.176144	
Au	94
  -1.019543	  7.136955	  -11.215343	
Au	95
  1.019558	  5.097858	  -11.215343	
Au	96
  1.019558	  7.136955	  -9.176144	
Au	97
  3.058758	  5.097858	  -9.176144	
Au	98
  3.058758	  7.136955	  -11.215343	
Au	99
  5.097858	  5.097858	  -11.215343	
Au	100
  5.097858	  7.136955	  -9.176144	
Au	101
  7.136955	  5.097858	  -9.176144	
Au	102
  9.176159	  7.136955	  -9.176144	
Au	103
  -5.097843	  9.176159	  -9.176144	
Au	104
  -3.058743	  9.176159	  -11.215343	
Au	105
  -3.058743	  11.215359	  -9.176144	
Au	106
  -1.019543	  9.176159	  -9.176144	
Au	107
  1.019558	  9.176159	  -11.215343	
Au	108
  1.019558	  11.215359	  -9.176144	
Au	109
  3.058758	  9.176159	  -9.176144	
Au	110
  7.136955	  9.176159	  -9.176144	
Au	111
  -3.058743	  -13.254442	  -5.097843	
Au	112
  1.019558	  -13.254442	  -5.097843	
Au	113
  -9.176144	  -9.176144	  -7.137043	
Au	114
  -7.137043	  -9.176144	  -5.097843	
Au	115
  -5.097843	  -11.215343	  -5.097843	
Au	116
  -5.097843	  -9.176144	  -7.137043	
Au	117
  -3.058743	  -11.215343	  -7.137043	
Au	118
  -3.058743	  -9.176144	  -5.097843	
Au	119
  -1.019543	  -11.215343	  -5.097843	
Au	120
  -1.019543	  -9.176144	  -7.137043	
Au	121
  1.019558	  -11.215343	  -7.137043	
Au	122
  1.019558	  -9.176144	  -5.097843	
Au	123
  3.058758	  -11.215343	  -5.097843	
Au	124
  3.058758	  -9.176144	  -7.137043	
Au	125
  5.097858	  -11.215343	  -7.137043	
Au	126
  5.097858	  -9.176144	  -5.097843	
Au	127
  7.136955	  -11.215343	  -5.097843	
Au	128
  7.136955	  -9.176144	  -7.137043	
Au	129
  9.176159	  -9.176144	  -5.097843	
Au	130
  -11.215343	  -5.097843	  -5.097843	
Au	131
  -9.176144	  -7.137043	  -5.097843	
Au	132
  -9.176144	  -5.097843	  -7.137043	
Au	133
  -7.137043	  -7.137043	  -7.137043	
Au	134
  -7.137043	  -5.097843	  -5.097843	
Au	135
  -5.097843	  -7.137043	  -5.097843	
Au	136
  -5.097843	  -5.097843	  -7.137043	
Au	137
  -3.058743	  -7.137043	  -7.137043	
Au	138
  -3.058743	  -5.097843	  -5.097843	
Au	139
  -1.019543	  -7.137043	  -5.097843	
Au	140
  -1.019543	  -5.097843	  -7.137043	
Au	141
  1.019558	  -7.137043	  -7.137043	
Au	142
  1.019558	  -5.097843	  -5.097843	
Au	143
  3.058758	  -7.137043	  -5.097843	
Au	144
  3.058758	  -5.097843	  -7.137043	
Au	145
  5.097858	  -7.137043	  -7.137043	
Au	146
  5.097858	  -5.097843	  -5.097843	
Au	147
  7.136955	  -7.137043	  -5.097843	
Au	148
  7.136955	  -5.097843	  -7.137043	
Au	149
  9.176159	  -7.137043	  -7.137043	
Au	150
  9.176159	  -5.097843	  -5.097843	
Au	151
  11.215359	  -7.137043	  -5.097843	
Au	152
  11.215359	  -5.097843	  -7.137043	
Au	153
  -13.254442	  -3.058743	  -5.097843	
Au	154
  -11.215343	  -3.058743	  -7.137043	
Au	155
  -11.215343	  -1.019543	  -5.097843	
Au	156
  -9.176144	  -3.058743	  -5.097843	
Au	157
  -9.176144	  -1.019543	  -7.137043	
Au	158
  -7.137043	  -3.058743	  -7.137043	
Au	159
  -7.137043	  -1.019543	  -5.097843	
Au	160
  -5.097843	  -3.058743	  -5.097843	
Au	161
  -5.097843	  -1.019543	  -7.137043	
Au	162
  -3.058743	  -3.058743	  -7.137043	
Au	163
  -3.058743	  -1.019543	  -5.097843	
Au	164
  -1.019543	  -3.058743	  -5.097843	
Au	165
  -1.019543	  -1.019543	  -7.137043	
Au	166
  1.019558	  -3.058743	  -7.137043	
Au	167
  1.019558	  -1.019543	  -5.097843	
Au	168
  3.058758	  -3.058743	  -5.097843	
Au	169
  3.058758	  -1.019543	  -7.137043	
Au	170
  5.097858	  -3.058743	  -7.137043	
Au	171
  5.097858	  -1.019543	  -5.097843	
Au	172
  7.136955	  -3.058743	  -5.097843	
Au	173
  7.136955	  -1.019543	  -7.137043	
Au	174
  9.176159	  -3.058743	  -7.137043	
Au	175
  9.176159	  -1.019543	  -5.097843	
Au	176
  11.215359	  -3.058743	  -5.097843	
Au	177
  11.215359	  -1.019543	  -7.137043	
Au	178
  13.254456	  -1.019543	  -5.097843	
Au	179
  -13.254442	  1.019558	  -5.097843	
Au	180
  -11.215343	  1.019558	  -7.137043	
Au	181
  -11.215343	  3.058758	  -5.097843	
Au	182
  -9.176144	  1.019558	  -5.097843	
Au	183
  -9.176144	  3.058758	  -7.137043	
Au	184
  -7.137043	  1.019558	  -7.137043	
Au	185
  -7.137043	  3.058758	  -5.097843	
Au	186
  -5.097843	  1.019558	  -5.097843	
Au	187
  -5.097843	  3.058758	  -7.137043	
Au	188
  -3.058743	  1.019558	  -7.137043	
Au	189
  -3.058743	  3.058758	  -5.097843	
Au	190
  -1.019543	  1.019558	  -5.097843	
Au	191
  -1.019543	  3.058758	  -7.137043	
Au	192
  1.019558	  1.019558	  -7.137043	
Au	193
  1.019558	  3.058758	  -5.097843	
Au	194
  3.058758	  1.019558	  -5.097843	
Au	195
  3.058758	  3.058758	  -7.137043	
Au	196
  5.097858	  1.019558	  -7.137043	
Au	197
  5.097858	  3.058758	  -5.097843	
Au	198
  7.136955	  1.019558	  -5.097843	
Au	199
  7.136955	  3.058758	  -7.137043	
Au	200
  9.176159	  1.019558	  -7.137043	
Au	201
  9.176159	  3.058758	  -5.097843	
Au	202
  11.215359	  1.019558	  -5.097843	
Au	203
  11.215359	  3.058758	  -7.137043	
Au	204
  13.254456	  3.058758	  -5.097843	
Au	205
  -11.215343	  5.097858	  -7.137043	
Au	206
  -11.215343	  7.136955	  -5.097843	
Au	207
  -9.176144	  5.097858	  -5.097843	
Au	208
  -9.176144	  7.136955	  -7.137043	
Au	209
  -7.137043	  5.097858	  -7.137043	
Au	210
  -7.137043	  7.136955	  -5.097843	
Au	211
  -5.097843	  5.097858	  -5.097843	
Au	212
  -5.097843	  7.136955	  -7.137043	
Au	213
  -3.058743	  5.097858	  -7.137043	
Au	214
  -3.058743	  7.136955	  -5.097843	
Au	215
  -1.019543	  5.097858	  -5.097843	
Au	216
  -1.019543	  7.136955	  -7.137043	
Au	217
  1.019558	  5.097858	  -7.137043	
Au	218
  1.019558	  7.136955	  -5.097843	
Au	219
  3.058758	  5.097858	  -5.097843	
Au	220
  3.058758	  7.136955	  -7.137043	
Au	221
  5.097858	  5.097858	  -7.137043	
Au	222
  5.097858	  7.136955	  -5.097843	
Au	223
  7.136955	  5.097858	  -5.097843	
Au	224
  7.136955	  7.136955	  -7.137043	
Au	225
  9.176159	  5.097858	  -7.137043	
Au	226
  9.176159	  7.136955	  -5.097843	
Au	227
  11.215359	  5.097858	  -5.097843	
Au	228
  -9.176144	  9.176159	  -5.097843	
Au	229
  -7.137043	  9.176159	  -7.137043	
Au	230
  -7.137043	  11.215359	  -5.097843	
Au	231
  -5.097843	  9.176159	  -5.097843	
Au	232
  -5.097843	  11.215359	  -7.137043	
Au	233
  -3.058743	  9.176159	  -7.137043	
Au	234
  -3.058743	  11.215359	  -5.097843	
Au	235
  -1.019543	  9.176159	  -5.097843	
Au	236
  -1.019543	  11.215359	  -7.137043	
Au	237
  1.019558	  9.176159	  -7.137043	
Au	238
  1.019558	  11.215359	  -5.097843	
Au	239
  3.058758	  9.176159	  -5.097843	
Au	240
  3.058758	  11.215359	  -7.137043	
Au	241
  5.097858	  9.176159	  -7.137043	
Au	242
  5.097858	  11.215359	  -5.097843	
Au	243
  7.136955	  9.176159	  -5.097843	
Au	244
  9.176159	  9.176159	  -7.137043	
Au	245
  -1.019543	  13.254456	  -5.097843	
Au	246
  3.058758	  13.254456	  -5.097843	
Au	247
  -5.097843	  -13.254442	  -3.058743	
Au	248
  -3.058743	  -13.254442	  -1.019543	
Au	249
  -1.019543	  -13.254442	  -3.058743	
Au	250
  1.019558	  -13.254442	  -1.019543	
Au	251
  3.058758	  -13.254442	  -3.058743	
Au	252
  5.097858	  -13.254442	  -1.019543	
Au	253
  -11.215343	  -9.176144	  -1.019543	
Au	254
  -9.176144	  -11.215343	  -1.019543	
Au	255
  -9.176144	  -9.176144	  -3.058743	
Au	256
  -7.137043	  -11.215343	  -3.058743	
Au	257
  -7.137043	  -9.176144	  -1.019543	
Au	258
  -5.097843	  -11.215343	  -1.019543	
Au	259
  -5.097843	  -9.176144	  -3.058743	
Au	260
  -3.058743	  -11.215343	  -3.058743	
Au	261
  -3.058743	  -9.176144	  -1.019543	
Au	262
  -1.019543	  -11.215343	  -1.019543	
Au	263
  -1.019543	  -9.176144	  -3.058743	
Au	264
  1.019558	  -11.215343	  -3.058743	
Au	265
  1.019558	  -9.176144	  -1.019543	
Au	266
  3.058758	  -11.215343	  -1.019543	
Au	267
  3.058758	  -9.176144	  -3.058743	
Au	268
  5.097858	  -11.215343	  -3.058743	
Au	269
  5.097858	  -9.176144	  -1.019543	
Au	270
  7.136955	  -11.215343	  -1.019543	
Au	271
  7.136955	  -9.176144	  -3.058743	
Au	272
  9.176159	  -11.215343	  -3.058743	
Au	273
  9.176159	  -9.176144	  -1.019543	
Au	274
  11.215359	  -9.176144	  -3.058743	
Au	275
  -13.254442	  -5.097843	  -3.058743	
Au	276
  -11.215343	  -7.137043	  -3.058743	
Au	277
  -11.215343	  -5.097843	  -1.019543	
Au	278
  -9.176144	  -7.137043	  -1.019543	
Au	279
  -9.176144	  -5.097843	  -3.058743	
Au	280
  -7.137043	  -7.137043	  -3.058743	
Au	281
  -7.137043	  -5.097843	  -1.019543	
Au	282
  -5.097843	  -7.137043	  -1.019543	
Au	283
  -5.097843	  -5.097843	  -3.058743	
Au	284
  -3.058743	  -7.137043	  -3.058743	
Au	285
  -3.058743	  -5.097843	  -1.019543	
Au	286
  -1.019543	  -7.137043	  -1.019543	
Au	287
  -1.019543	  -5.097843	  -3.058743	
Au	288
  1.019558	  -7.137043	  -3.058743	
Au	289
  1.019558	  -5.097843	  -1.019543	
Au	290
  3.058758	  -7.137043	  -1.019543	
Au	291
  3.058758	  -5.097843	  -3.058743	
Au	292
  5.097858	  -7.137043	  -3.058743	
Au	293
  5.097858	  -5.097843	  -1.019543	
Au	294
  7.136955	  -7.137043	  -1.019543	
Au	295
  7.136955	  -5.097843	  -3.058743	
Au	296
  9.176159	  -7.137043	  -3.058743	
Au	297
  9.176159	  -5.097843	  -1.019543	
Au	298
  11.215359	  -7.137043	  -1.019543	
Au	299
  11.215359	  -5.097843	  -3.058743	
Au	300
  13.254456	  -5.097843	  -1.019543	
Au	301
  -13.254442	  -3.058743	  -1.019543	
Au	302
  -13.254442	  -1.019543	  -3.058743	
Au	303
  -11.215343	  -3.058743	  -3.058743	
Au	304
  -11.215343	  -1.019543	  -1.019543	
Au	305
  -9.176144	  -3.058743	  -1.019543	
Au	306
  -9.176144	  -1.019543	  -3.058743	
Au	307
  -7.137043	  -3.058743	  -3.058743	
Au	308
  -7.137043	  -1.019543	  -1.019543	
Au	309
  -5.097843	  -3.058743	  -1.019543	
Au	310
  -5.097843	  -1.019543	  -3.058743	
Au	311
  -3.058743	  -3.058743	  -3.058743	
Au	312
  -3.058743	  -1.019543	  -1.019543	
Au	313
  -1.019543	  -3.058743	  -1.019543	
Au	314
  -1.019543	  -1.019543	  -3.058743	
Au	315
  1.019558	  -3.058743	  -3.058743	
Au	316
  1.019558	  -1.019543	  -1.019543	
Au	317
  3.058758	  -3.058743	  -1.019543	
Au	318
  3.058758	  -1.019543	  -3.058743	
Au	319
  5.097858	  -3.058743	  -3.058743	
Au	320
  5.097858	  -1.019543	  -1.019543	
Au	321
  7.136955	  -3.058743	  -1.019543	
Au	322
  7.136955	  -1.019543	  -3.058743	
Au	323
  9.176159	  -3.058743	  -3.058743	
Au	324
  9.176159	  -1.019543	  -1.019543	
Au	325
  11.215359	  -3.058743	  -1.019543	
Au	326
  11.215359	  -1.019543	  -3.058743	
Au	327
  13.254456	  -3.058743	  -3.058743	
Au	328
  13.254456	  -1.019543	  -1.019543	
Au	329
  -13.254442	  1.019558	  -1.019543	
Au	330
  -13.254442	  3.058758	  -3.058743	
Au	331
  -11.215343	  1.019558	  -3.058743	
Au	332
  -11.215343	  3.058758	  -1.019543	
Au	333
  -9.176144	  1.019558	  -1.019543	
Au	334
  -9.176144	  3.058758	  -3.058743	
Au	335
  -7.137043	  1.019558	  -3.058743	
Au	336
  -7.137043	  3.058758	  -1.019543	
Au	337
  -5.097843	  1.019558	  -1.019543	
Au	338
  -5.097843	  3.058758	  -3.058743	
Au	339
  -3.058743	  1.019558	  -3.058743	
Au	340
  -3.058743	  3.058758	  -1.019543	
Au	341
  -1.019543	  1.019558	  -1.019543	
Au	342
  -1.019543	  3.058758	  -3.058743	
Au	343
  1.019558	  1.019558	  -3.058743	
Au	344
  1.019558	  3.058758	  -1.019543	
Au	345
  3.058758	  1.019558	  -1.019543	
Au	346
  3.058758	  3.058758	  -3.058743	
Au	347
  5.097858	  1.019558	  -3.058743	
Au	348
  5.097858	  3.058758	  -1.019543	
Au	349
  7.136955	  1.019558	  -1.019543	
Au	350
  7.136955	  3.058758	  -3.058743	
Au	351
  9.176159	  1.019558	  -3.058743	
Au	352
  9.176159	  3.058758	  -1.019543	
Au	353
  11.215359	  1.019558	  -1.019543	
Au	354
  11.215359	  3.058758	  -3.058743	
Au	355
  13.254456	  1.019558	  -3.058743	
Au	356
  13.254456	  3.058758	  -1.019543	
Au	357
  -13.254442	  5.097858	  -1.019543	
Au	358
  -11.215343	  5.097858	  -3.058743	
Au	359
  -11.215343	  7.136955	  -1.019543	
Au	360
  -9.176144	  5.097858	  -1.019543	
Au	361
  -9.176144	  7.136955	  -3.058743	
Au	362
  -7.137043	  5.097858	  -3.058743	
Au	363
  -7.137043	  7.136955	  -1.019543	
Au	364
  -5.097843	  5.097858	  -1.019543	
Au	365
  -5.097843	  7.136955	  -3.058743	
Au	366
  -3.058743	  5.097858	  -3.058743	
Au	367
  -3.058743	  7.136955	  -1.019543	
Au	368
  -1.019543	  5.097858	  -1.019543	
Au	369
  -1.019543	  7.136955	  -3.058743	
Au	370
  1.019558	  5.097858	  -3.058743	
Au	371
  1.019558	  7.136955	  -1.019543	
Au	372
  3.058758	  5.097858	  -1.019543	
Au	373
  3.058758	  7.136955	  -3.058743	
Au	374
  5.097858	  5.097858	  -3.058743	
Au	375
  5.097858	  7.136955	  -1.019543	
Au	376
  7.136955	  5.097858	  -1.019543	
Au	377
  7.136955	  7.136955	  -3.058743	
Au	378
  9.176159	  5.097858	  -3.058743	
Au	379
  9.176159	  7.136955	  -1.019543	
Au	380
  11.215359	  5.097858	  -1.019543	
Au	381
  11.215359	  7.136955	  -3.058743	
Au	382
  13.254456	  5.097858	  -3.058743	
Au	383
  -11.215343	  9.176159	  -3.058743	
Au	384
  -9.176144	  9.176159	  -1.019543	
Au	385
  -9.176144	  11.215359	  -3.058743	
Au	386
  -7.137043	  9.176159	  -3.058743	
Au	387
  -7.137043	  11.215359	  -1.019543	
Au	388
  -5.097843	  9.176159	  -1.019543	
Au	389
  -5.097843	  11.215359	  -3.058743	
Au	390
  -3.058743	  9.176159	  -3.058743	
Au	391
  -3.058743	  11.215359	  -1.019543	
Au	392
  -1.019543	  9.176159	  -1.019543	
Au	393
  -1.019543	  11.215359	  -3.058743	
Au	394
  1.019558	  9.176159	  -3.058743	
Au	395
  1.019558	  11.215359	  -1.019543	
Au	396
  3.058758	  9.176159	  -1.019543	
Au	397
  3.058758	  11.215359	  -3.058743	
Au	398
  5.097858	  9.176159	  -3.058743	
Au	399
  5.097858	  11.215359	  -1.019543	
Au	400
  7.136955	  9.176159	  -1.019543	
Au	401
  7.136955	  11.215359	  -3.058743	
Au	402
  9.176159	  9.176159	  -3.058743	
Au	403
  9.176159	  11.215359	  -1.019543	
Au	404
  11.215359	  9.176159	  -1.019543	
Au	405
  -5.097843	  13.254456	  -1.019543	
Au	406
  -3.058743	  13.254456	  -3.058743	
Au	407
  -1.019543	  13.254456	  -1.019543	
Au	408
  1.019558	  13.254456	  -3.058743	
Au	409
  3.058758	  13.254456	  -1.019543	
Au	410
  5.097858	  13.254456	  -3.058743	
Au	411
  -5.097843	  -13.254442	  1.019558	
Au	412
  -3.058743	  -13.254442	  3.058758	
Au	413
  -1.019543	  -13.254442	  1.019558	
Au	414
  1.019558	  -13.254442	  3.058758	
Au	415
  3.058758	  -13.254442	  1.019558	
Au	416
  5.097858	  -13.254442	  3.058758	
Au	417
  -11.215343	  -9.176144	  3.058758	
Au	418
  -9.176144	  -11.215343	  3.058758	
Au	419
  -9.176144	  -9.176144	  1.019558	
Au	420
  -7.137043	  -11.215343	  1.019558	
Au	421
  -7.137043	  -9.176144	  3.058758	
Au	422
  -5.097843	  -11.215343	  3.058758	
Au	423
  -5.097843	  -9.176144	  1.019558	
Au	424
  -3.058743	  -11.215343	  1.019558	
Au	425
  -3.058743	  -9.176144	  3.058758	
Au	426
  -1.019543	  -11.215343	  3.058758	
Au	427
  -1.019543	  -9.176144	  1.019558	
Au	428
  1.019558	  -11.215343	  1.019558	
Au	429
  1.019558	  -9.176144	  3.058758	
Au	430
  3.058758	  -11.215343	  3.058758	
Au	431
  3.058758	  -9.176144	  1.019558	
Au	432
  5.097858	  -11.215343	  1.019558	
Au	433
  5.097858	  -9.176144	  3.058758	
Au	434
  7.136955	  -11.215343	  3.058758	
Au	435
  7.136955	  -9.176144	  1.019558	
Au	436
  9.176159	  -11.215343	  1.019558	
Au	437
  9.176159	  -9.176144	  3.058758	
Au	438
  11.215359	  -9.176144	  1.019558	
Au	439
  -13.254442	  -5.097843	  1.019558	
Au	440
  -11.215343	  -7.137043	  1.019558	
Au	441
  -11.215343	  -5.097843	  3.058758	
Au	442
  -9.176144	  -7.137043	  3.058758	
Au	443
  -9.176144	  -5.097843	  1.019558	
Au	444
  -7.137043	  -7.137043	  1.019558	
Au	445
  -7.137043	  -5.097843	  3.058758	
Au	446
  -5.097843	  -7.137043	  3.058758	
Au	447
  -5.097843	  -5.097843	  1.019558	
Au	448
  -3.058743	  -7.137043	  1.019558	
Au	449
  -3.058743	  -5.097843	  3.058758	
Au	450
  -1.019543	  -7.137043	  3.058758	
Au	451
  -1.019543	  -5.097843	  1.019558	
Au	452
  1.019558	  -7.137043	  1.019558	
Au	453
  1.019558	  -5.097843	  3.058758	
Au	454
  3.058758	  -7.137043	  3.058758	
Au	455
  3.058758	  -5.097843	  1.019558	
Au	456
  5.097858	  -7.137043	  1.019558	
Au	457
  5.097858	  -5.097843	  3.058758	
Au	458
  7.136955	  -7.137043	  3.058758	
Au	459
  7.136955	  -5.097843	  1.019558	
Au	460
  9.176159	  -7.137043	  1.019558	
Au	461
  9.176159	  -5.097843	  3.058758	
Au	462
  11.215359	  -7.137043	  3.058758	
Au	463
  11.215359	  -5.097843	  1.019558	
Au	464
  13.254456	  -5.097843	  3.058758	
Au	465
  -13.254442	  -3.058743	  3.058758	
Au	466
  -13.254442	  -1.019543	  1.019558	
Au	467
  -11.215343	  -3.058743	  1.019558	
Au	468
  -11.215343	  -1.019543	  3.058758	
Au	469
  -9.176144	  -3.058743	  3.058758	
Au	470
  -9.176144	  -1.019543	  1.019558	
Au	471
  -7.137043	  -3.058743	  1.019558	
Au	472
  -7.137043	  -1.019543	  3.058758	
Au	473
  -5.097843	  -3.058743	  3.058758	
Au	474
  -5.097843	  -1.019543	  1.019558	
Au	475
  -3.058743	  -3.058743	  1.019558	
Au	476
  -3.058743	  -1.019543	  3.058758	
Au	477
  -1.019543	  -3.058743	  3.058758	
Au	478
  -1.019543	  -1.019543	  1.019558	
Au	479
  1.019558	  -3.058743	  1.019558	
Au	480
  1.019558	  -1.019543	  3.058758	
Au	481
  3.058758	  -3.058743	  3.058758	
Au	482
  3.058758	  -1.019543	  1.019558	
Au	483
  5.097858	  -3.058743	  1.019558	
Au	484
  5.097858	  -1.019543	  3.058758	
Au	485
  7.136955	  -3.058743	  3.058758	
Au	486
  7.136955	  -1.019543	  1.019558	
Au	487
  9.176159	  -3.058743	  1.019558	
Au	488
  9.176159	  -1.019543	  3.058758	
Au	489
  11.215359	  -3.058743	  3.058758	
Au	490
  11.215359	  -1.019543	  1.019558	
Au	491
  13.254456	  -3.058743	  1.019558	
Au	492
  13.254456	  -1.019543	  3.058758	
Au	493
  -13.254442	  1.019558	  3.058758	
Au	494
  -13.254442	  3.058758	  1.019558	
Au	495
  -11.215343	  1.019558	  1.019558	
Au	496
  -11.215343	  3.058758	  3.058758	
Au	497
  -9.176144	  1.019558	  3.058758	
Au	498
  -9.176144	  3.058758	  1.019558	
Au	499
  -7.137043	  1.019558	  1.019558	
Au	500
  -7.137043	  3.058758	  3.058758	
Au	501
  -5.097843	  1.019558	  3.058758	
Au	502
  -5.097843	  3.058758	  1.019558	
Au	503
  -3.058743	  1.019558	  1.019558	
Au	504
  -3.058743	  3.058758	  3.058758	
Au	505
  -1.019543	  1.019558	  3.058758	
Au	506
  -1.019543	  3.058758	  1.019558	
Au	507
  1.019558	  1.019558	  1.019558	
Au	508
  1.019558	  3.058758	  3.058758	
Au	509
  3.058758	  1.019558	  3.058758	
Au	510
  3.058758	  3.058758	  1.019558	
Au	511
  5.097858	  1.019558	  1.019558	
Au	512
  5.097858	  3.058758	  3.058758	
Au	513
  7.136955	  1.019558	  3.058758	
Au	514
  7.136955	  3.058758	  1.019558	
Au	515
  9.176159	  1.019558	  1.019558	
Au	516
  9.176159	  3.058758	  3.058758	
Au	517
  11.215359	  1.019558	  3.058758	
Au	518
  11.215359	  3.058758	  1.019558	
Au	519
  13.254456	  1.019558	  1.019558	
Au	520
  13.254456	  3.058758	  3.058758	
Au	521
  -13.254442	  5.097858	  3.058758	
Au	522
  -11.215343	  5.097858	  1.019558	
Au	523
  -11.215343	  7.136955	  3.058758	
Au	524
  -9.176144	  5.097858	  3.058758	
Au	525
  -9.176144	  7.136955	  1.019558	
Au	526
  -7.137043	  5.097858	  1.019558	
Au	527
  -7.137043	  7.136955	  3.058758	
Au	528
  -5.097843	  5.097858	  3.058758	
Au	529
  -5.097843	  7.136955	  1.019558	
Au	530
  -3.058743	  5.097858	  1.019558	
Au	531
  -3.058743	  7.136955	  3.058758	
Au	532
  -1.019543	  5.097858	  3.058758	
Au	533
  -1.019543	  7.136955	  1.019558	
Au	534
  1.019558	  5.097858	  1.019558	
Au	535
  1.019558	  7.136955	  3.058758	
Au	536
  3.058758	  5.097858	  3.058758	
Au	537
  3.058758	  7.136955	  1.019558	
Au	538
  5.097858	  5.097858	  1.019558	
Au	539
  5.097858	  7.136955	  3.058758	
Au	540
  7.136955	  5.097858	  3.058758	
Au	541
  7.136955	  7.136955	  1.019558	
Au	542
  9.176159	  5.097858	  1.019558	
Au	543
  9.176159	  7.136955	  3.058758	
Au	544
  11.215359	  5.097858	  3.058758	
Au	545
  11.215359	  7.136955	  1.019558	
Au	546
  13.254456	  5.097858	  1.019558	
Au	547
  -11.215343	  9.176159	  1.019558	
Au	548
  -9.176144	  9.176159	  3.058758	
Au	549
  -9.176144	  11.215359	  1.019558	
Au	550
  -7.137043	  9.176159	  1.019558	
Au	551
  -7.137043	  11.215359	  3.058758	
Au	552
  -5.097843	  9.176159	  3.058758	
Au	553
  -5.097843	  11.215359	  1.019558	
Au	554
  -3.058743	  9.176159	  1.019558	
Au	555
  -3.058743	  11.215359	  3.058758	
Au	556
  -1.019543	  9.176159	  3.058758	
Au	557
  -1.019543	  11.215359	  1.019558	
Au	558
  1.019558	  9.176159	  1.019558	
Au	559
  1.019558	  11.215359	  3.058758	
Au	560
  3.058758	  9.176159	  3.058758	
Au	561
  3.058758	  11.215359	  1.019558	
Au	562
  5.097858	  9.176159	  1.019558	
Au	563
  5.097858	  11.215359	  3.058758	
Au	564
  7.136955	  9.176159	  3.058758	
Au	565
  7.136955	  11.215359	  1.019558	
Au	566
  9.176159	  9.176159	  1.019558	
Au	567
  9.176159	  11.215359	  3.058758	
Au	568
  11.215359	  9.176159	  3.058758	
Au	569
  -5.097843	  13.254456	  3.058758	
Au	570
  -3.058743	  13.254456	  1.019558	
Au	571
  -1.019543	  13.254456	  3.058758	
Au	572
  1.019558	  13.254456	  1.019558	
Au	573
  3.058758	  13.254456	  3.058758	
Au	574
  5.097858	  13.254456	  1.019558	
Au	575
  -1.019543	  -13.254442	  5.097858	
Au	576
  3.058758	  -13.254442	  5.097858	
Au	577
  -9.176144	  -9.176144	  5.097858	
Au	578
  -7.137043	  -11.215343	  5.097858	
Au	579
  -7.137043	  -9.176144	  7.136955	
Au	580
  -5.097843	  -11.215343	  7.136955	
Au	581
  -5.097843	  -9.176144	  5.097858	
Au	582
  -3.058743	  -11.215343	  5.097858	
Au	583
  -3.058743	  -9.176144	  7.136955	
Au	584
  -1.019543	  -11.215343	  7.136955	
Au	585
  -1.019543	  -9.176144	  5.097858	
Au	586
  1.019558	  -11.215343	  5.097858	
Au	587
  1.019558	  -9.176144	  7.136955	
Au	588
  3.058758	  -11.215343	  7.136955	
Au	589
  3.058758	  -9.176144	  5.097858	
Au	590
  5.097858	  -11.215343	  5.097858	
Au	591
  5.097858	  -9.176144	  7.136955	
Au	592
  7.136955	  -9.176144	  5.097858	
Au	593
  9.176159	  -9.176144	  7.136955	
Au	594
  -11.215343	  -7.137043	  5.097858	
Au	595
  -11.215343	  -5.097843	  7.136955	
Au	596
  -9.176144	  -7.137043	  7.136955	
Au	597
  -9.176144	  -5.097843	  5.097858	
Au	598
  -7.137043	  -7.137043	  5.097858	
Au	599
  -7.137043	  -5.097843	  7.136955	
Au	600
  -5.097843	  -7.137043	  7.136955	
Au	601
  -5.097843	  -5.097843	  5.097858	
Au	602
  -3.058743	  -7.137043	  5.097858	
Au	603
  -3.058743	  -5.097843	  7.136955	
Au	604
  -1.019543	  -7.137043	  7.136955	
Au	605
  -1.019543	  -5.097843	  5.097858	
Au	606
  1.019558	  -7.137043	  5.097858	
Au	607
  1.019558	  -5.097843	  7.136955	
Au	608
  3.058758	  -7.137043	  7.136955	
Au	609
  3.058758	  -5.097843	  5.097858	
Au	610
  5.097858	  -7.137043	  5.097858	
Au	611
  5.097858	  -5.097843	  7.136955	
Au	612
  7.136955	  -7.137043	  7.136955	
Au	613
  7.136955	  -5.097843	  5.097858	
Au	614
  9.176159	  -7.137043	  5.097858	
Au	615
  9.176159	  -5.097843	  7.136955	
Au	616
  11.215359	  -5.097843	  5.097858	
Au	617
  -13.254442	  -1.019543	  5.097858	
Au	618
  -11.215343	  -3.058743	  5.097858	
Au	619
  -11.215343	  -1.019543	  7.136955	
Au	620
  -9.176144	  -3.058743	  7.136955	
Au	621
  -9.176144	  -1.019543	  5.097858	
Au	622
  -7.137043	  -3.058743	  5.097858	
Au	623
  -7.137043	  -1.019543	  7.136955	
Au	624
  -5.097843	  -3.058743	  7.136955	
Au	625
  -5.097843	  -1.019543	  5.097858	
Au	626
  -3.058743	  -3.058743	  5.097858	
Au	627
  -3.058743	  -1.019543	  7.136955	
Au	628
  -1.019543	  -3.058743	  7.136955	
Au	629
  -1.019543	  -1.019543	  5.097858	
Au	630
  1.019558	  -3.058743	  5.097858	
Au	631
  1.019558	  -1.019543	  7.136955	
Au	632
  3.058758	  -3.058743	  7.136955	
Au	633
  3.058758	  -1.019543	  5.097858	
Au	634
  5.097858	  -3.058743	  5.097858	
Au	635
  5.097858	  -1.019543	  7.136955	
Au	636
  7.136955	  -3.058743	  7.136955	
Au	637
  7.136955	  -1.019543	  5.097858	
Au	638
  9.176159	  -3.058743	  5.097858	
Au	639
  9.176159	  -1.019543	  7.136955	
Au	640
  11.215359	  -3.058743	  7.136955	
Au	641
  11.215359	  -1.019543	  5.097858	
Au	642
  13.254456	  -3.058743	  5.097858	
Au	643
  -13.254442	  3.058758	  5.097858	
Au	644
  -11.215343	  1.019558	  5.097858	
Au	645
  -11.215343	  3.058758	  7.136955	
Au	646
  -9.176144	  1.019558	  7.136955	
Au	647
  -9.176144	  3.058758	  5.097858	
Au	648
  -7.137043	  1.019558	  5.097858	
Au	649
  -7.137043	  3.058758	  7.136955	
Au	650
  -5.097843	  1.019558	  7.136955	
Au	651
  -5.097843	  3.058758	  5.097858	
Au	652
  -3.058743	  1.019558	  5.097858	
Au	653
  -3.058743	  3.058758	  7.136955	
Au	654
  -1.019543	  1.019558	  7.136955	
Au	655
  -1.019543	  3.058758	  5.097858	
Au	656
  1.019558	  1.019558	  5.097858	
Au	657
  1.019558	  3.058758	  7.136955	
Au	658
  3.058758	  1.019558	  7.136955	
Au	659
  3.058758	  3.058758	  5.097858	
Au	660
  5.097858	  1.019558	  5.097858	
Au	661
  5.097858	  3.058758	  7.136955	
Au	662
  7.136955	  1.019558	  7.136955	
Au	663
  7.136955	  3.058758	  5.097858	
Au	664
  9.176159	  1.019558	  5.097858	
Au	665
  9.176159	  3.058758	  7.136955	
Au	666
  11.215359	  1.019558	  7.136955	
Au	667
  11.215359	  3.058758	  5.097858	
Au	668
  13.254456	  1.019558	  5.097858	
Au	669
  -11.215343	  5.097858	  5.097858	
Au	670
  -9.176144	  5.097858	  7.136955	
Au	671
  -9.176144	  7.136955	  5.097858	
Au	672
  -7.137043	  5.097858	  5.097858	
Au	673
  -7.137043	  7.136955	  7.136955	
Au	674
  -5.097843	  5.097858	  7.136955	
Au	675
  -5.097843	  7.136955	  5.097858	
Au	676
  -3.058743	  5.097858	  5.097858	
Au	677
  -3.058743	  7.136955	  7.136955	
Au	678
  -1.019543	  5.097858	  7.136955	
Au	679
  -1.019543	  7.136955	  5.097858	
Au	680
  1.019558	  5.097858	  5.097858	
Au	681
  1.019558	  7.136955	  7.136955	
Au	682
  3.058758	  5.097858	  7.136955	
Au	683
  3.058758	  7.136955	  5.097858	
Au	684
  5.097858	  5.097858	  5.097858	
Au	685
  5.097858	  7.136955	  7.136955	
Au	686
  7.136955	  5.097858	  7.136955	
Au	687
  7.136955	  7.136955	  5.097858	
Au	688
  9.176159	  5.097858	  5.097858	
Au	689
  9.176159	  7.136955	  7.136955	
Au	690
  11.215359	  5.097858	  7.136955	
Au	691
  11.215359	  7.136955	  5.097858	
Au	692
  -9.176144	  9.176159	  7.136955	
Au	693
  -7.137043	  9.176159	  5.097858	
Au	694
  -5.097843	  9.176159	  7.136955	
Au	695
  -5.097843	  11.215359	  5.097858	
Au	696
  -3.058743	  9.176159	  5.097858	
Au	697
  -3.058743	  11.215359	  7.136955	
Au	698
  -1.019543	  9.176159	  7.136955	
Au	699
  -1.019543	  11.215359	  5.097858	
Au	700
  1.019558	  9.176159	  5.097858	
Au	701
  1.019558	  11.215359	  7.136955	
Au	702
  3.058758	  9.176159	  7.136955	
Au	703
  3.058758	  11.215359	  5.097858	
Au	704
  5.097858	  9.176159	  5.097858	
Au	705
  5.097858	  11.215359	  7.136955	
Au	706
  7.136955	  9.176159	  7.136955	
Au	707
  7.136955	  11.215359	  5.097858	
Au	708
  9.176159	  9.176159	  5.097858	
Au	709
  -3.058743	  13.254456	  5.097858	
Au	710
  1.019558	  13.254456	  5.097858	
Au	711
  -5.097843	  -9.176144	  9.176159	
Au	712
  -3.058743	  -11.215343	  9.176159	
Au	713
  -3.058743	  -9.176144	  11.215359	
Au	714
  -1.019543	  -9.176144	  9.176159	
Au	715
  1.019558	  -11.215343	  9.176159	
Au	716
  1.019558	  -9.176144	  11.215359	
Au	717
  3.058758	  -9.176144	  9.176159	
Au	718
  7.136955	  -9.176144	  9.176159	
Au	719
  -9.176144	  -5.097843	  9.176159	
Au	720
  -7.137043	  -7.137043	  9.176159	
Au	721
  -7.137043	  -5.097843	  11.215359	
Au	722
  -5.097843	  -7.137043	  11.215359	
Au	723
  -5.097843	  -5.097843	  9.176159	
Au	724
  -3.058743	  -7.137043	  9.176159	
Au	725
  -3.058743	  -5.097843	  11.215359	
Au	726
  -1.019543	  -7.137043	  11.215359	
Au	727
  -1.019543	  -5.097843	  9.176159	
Au	728
  1.019558	  -7.137043	  9.176159	
Au	729
  1.019558	  -5.097843	  11.215359	
Au	730
  3.058758	  -7.137043	  11.215359	
Au	731
  3.058758	  -5.097843	  9.176159	
Au	732
  5.097858	  -7.137043	  9.176159	
Au	733
  5.097858	  -5.097843	  11.215359	
Au	734
  7.136955	  -5.097843	  9.176159	
Au	735
  9.176159	  -7.137043	  9.176159	
Au	736
  -11.215343	  -3.058743	  9.176159	
Au	737
  -9.176144	  -3.058743	  11.215359	
Au	738
  -9.176144	  -1.019543	  9.176159	
Au	739
  -7.137043	  -3.058743	  9.176159	
Au	740
  -7.137043	  -1.019543	  11.215359	
Au	741
  -5.097843	  -3.058743	  11.215359	
Au	742
  -5.097843	  -1.019543	  9.176159	
Au	743
  -3.058743	  -3.058743	  9.176159	
Au	744
  -3.058743	  -1.019543	  11.215359	
Au	745
  -1.019543	  -3.058743	  11.215359	
Au	746
  -1.019543	  -1.019543	  9.176159	
Au	747
  1.019558	  -3.058743	  9.176159	
Au	748
  1.019558	  -1.019543	  11.215359	
Au	749
  3.058758	  -3.058743	  11.215359	
Au	750
  3.058758	  -1.019543	  9.176159	
Au	751
  5.097858	  -3.058743	  9.176159	
Au	752
  5.097858	  -1.019543	  11.215359	
Au	753
  7.136955	  -3.058743	  11.215359	
Au	754
  7.136955	  -1.019543	  9.176159	
Au	755
  9.176159	  -3.058743	  9.176159	
Au	756
  9.176159	  -1.019543	  11.215359	
Au	757
  11.215359	  -1.019543	  9.176159	
Au	758
  -11.215343	  1.019558	  9.176159	
Au	759
  -9.176144	  1.019558	  11.215359	
Au	760
  -9.176144	  3.058758	  9.176159	
Au	761
  -7.137043	  1.019558	  9.176159	
Au	762
  -7.137043	  3.058758	  11.215359	
Au	763
  -5.097843	  1.019558	  11.215359	
Au	764
  -5.097843	  3.058758	  9.176159	
Au	765
  -3.058743	  1.019558	  9.176159	
Au	766
  -3.058743	  3.058758	  11.215359	
Au	767
  -1.019543	  1.019558	  11.215359	
Au	768
  -1.019543	  3.058758	  9.176159	
Au	769
  1.019558	  1.019558	  9.176159	
Au	770
  1.019558	  3.058758	  11.215359	
Au	771
  3.058758	  1.019558	  11.215359	
Au	772
  3.058758	  3.058758	  9.176159	
Au	773
  5.097858	  1.019558	  9.176159	
Au	774
  5.097858	  3.058758	  11.215359	
Au	775
  7.136955	  1.019558	  11.215359	
Au	776
  7.136955	  3.058758	  9.176159	
Au	777
  9.176159	  1.019558	  9.176159	
Au	778
  9.176159	  3.058758	  11.215359	
Au	779
  11.215359	  3.058758	  9.176159	
Au	780
  -9.176144	  7.136955	  9.176159	
Au	781
  -7.137043	  5.097858	  9.176159	
Au	782
  -5.097843	  5.097858	  11.215359	
Au	783
  -5.097843	  7.136955	  9.176159	
Au	784
  -3.058743	  5.097858	  9.176159	
Au	785
  -3.058743	  7.136955	  11.215359	
Au	786
  -1.019543	  5.097858	  11.215359	
Au	787
  -1.019543	  7.136955	  9.176159	
Au	788
  1.019558	  5.097858	  9.176159	
Au	789
  1.019558	  7.136955	  11.215359	
Au	790
  3.058758	  5.097858	  11.215359	
Au	791
  3.058758	  7.136955	  9.176159	
Au	792
  5.097858	  5.097858	  9.176159	
Au	793
  5.097858	  7.136955	  11.215359	
Au	794
  7.136955	  5.097858	  11.215359	
Au	795
  7.136955	  7.136955	  9.176159	
Au	796
  9.176159	  5.097858	  9.176159	
Au	797
  -7.137043	  9.176159	  9.176159	
Au	798
  -3.058743	  9.176159	  9.176159	
Au	799
  -1.019543	  9.176159	  11.215359	
Au	800
  -1.019543	  11.215359	  9.176159	
Au	801
  1.019558	  9.176159	  9.176159	
Au	802
  3.058758	  9.176159	  11.215359	
Au	803
  3.058758	  11.215359	  9.176159	
Au	804
  5.097858	  9.176159	  9.176159	
Au	805
  -1.019543	  -5.097843	  13.254456	
Au	806
  3.058758	  -5.097843	  13.254456	
Au	807
  -5.097843	  -1.019543	  13.254456	
Au	808
  -3.058743	  -3.058743	  13.254456	
Au	809
  -1.019543	  -1.019543	  13.254456	
Au	810
  1.019558	  -3.058743	  13.254456	
Au	811
  3.058758	  -1.019543	  13.254456	
Au	812
  5.097858	  -3.058743	  13.254456	
Au	813
  -5.097843	  3.058758	  13.254456	
Au	814
  -3.058743	  1.019558	  13.254456	
Au	815
  -1.019543	  3.058758	  13.254456	
Au	816
  1.019558	  1.019558	  13.254456	
Au	817
  3.058758	  3.058758	  13.254456	
Au	818
  5.097858	  1.019558	  13.254456	
Au	819
  -3.058743	  5.097858	  13.254456	
Au	820
  1.019558	  5.097858	  13.254456	
