 generated by VMD
               0	1	240
               30	0	0	
               0	30	0	
               0	0	30	
Au               1
  -3.058744	  -1.019544	  -9.176145	
Au               2
  -1.019544	  -3.058744	  -9.176145	
Au               3
  1.019557	  -1.019544	  -9.176145	
Au               4
  -1.019544	  1.019557	  -9.176145	
Au               5
  1.019557	  3.058757	  -9.176145	
Au               6
  3.058757	  1.019557	  -9.176145	
Au               7
  -3.058744	  -5.097844	  -5.097844	
Au               8
  -1.019544	  -7.137044	  -5.097844	
Au               9
  -1.019544	  -5.097844	  -7.137044	
Au               10
  1.019557	  -5.097844	  -5.097844	
Au               11
  3.058757	  -7.137044	  -5.097844	
Au               12
  3.058757	  -5.097844	  -7.137044	
Au               13
  5.097857	  -5.097844	  -5.097844	
Au               14
  -7.137044	  -1.019544	  -5.097844	
Au               15
  -5.097844	  -3.058744	  -5.097844	
Au               16
  -5.097844	  -1.019544	  -7.137044	
Au               17
  -3.058744	  -3.058744	  -7.137044	
Au               18
  -3.058744	  -1.019544	  -5.097844	
Au               19
  -1.019544	  -3.058744	  -5.097844	
Au               20
  -1.019544	  -1.019544	  -7.137044	
Au               21
  1.019557	  -3.058744	  -7.137044	
Au               22
  1.019557	  -1.019544	  -5.097844	
Au               23
  3.058757	  -3.058744	  -5.097844	
Au               24
  3.058757	  -1.019544	  -7.137044	
Au               25
  5.097857	  -3.058744	  -7.137044	
Au               26
  5.097857	  -1.019544	  -5.097844	
Au               27
  7.136954	  -3.058744	  -5.097844	
Au               28
  -7.137044	  3.058757	  -5.097844	
Au               29
  -5.097844	  1.019557	  -5.097844	
Au               30
  -5.097844	  3.058757	  -7.137044	
Au               31
  -3.058744	  1.019557	  -7.137044	
Au               32
  -3.058744	  3.058757	  -5.097844	
Au               33
  -1.019544	  1.019557	  -5.097844	
Au               34
  -1.019544	  3.058757	  -7.137044	
Au               35
  1.019557	  1.019557	  -7.137044	
Au               36
  1.019557	  3.058757	  -5.097844	
Au               37
  3.058757	  1.019557	  -5.097844	
Au               38
  3.058757	  3.058757	  -7.137044	
Au               39
  5.097857	  1.019557	  -7.137044	
Au               40
  5.097857	  3.058757	  -5.097844	
Au               41
  7.136954	  1.019557	  -5.097844	
Au               42
  -5.097844	  5.097857	  -5.097844	
Au               43
  -3.058744	  5.097857	  -7.137044	
Au               44
  -3.058744	  7.136954	  -5.097844	
Au               45
  -1.019544	  5.097857	  -5.097844	
Au               46
  1.019557	  5.097857	  -7.137044	
Au               47
  1.019557	  7.136954	  -5.097844	
Au               48
  3.058757	  5.097857	  -5.097844	
Au               49
  -3.058744	  -9.176145	  -1.019544	
Au               50
  -1.019544	  -9.176145	  -3.058744	
Au               51
  1.019557	  -9.176145	  -1.019544	
Au               52
  -7.137044	  -5.097844	  -1.019544	
Au               53
  -5.097844	  -7.137044	  -1.019544	
Au               54
  -5.097844	  -5.097844	  -3.058744	
Au               55
  -3.058744	  -7.137044	  -3.058744	
Au               56
  -3.058744	  -5.097844	  -1.019544	
Au               57
  -1.019544	  -7.137044	  -1.019544	
Au               58
  -1.019544	  -5.097844	  -3.058744	
Au               59
  1.019557	  -7.137044	  -3.058744	
Au               60
  1.019557	  -5.097844	  -1.019544	
Au               61
  3.058757	  -7.137044	  -1.019544	
Au               62
  3.058757	  -5.097844	  -3.058744	
Au               63
  5.097857	  -7.137044	  -3.058744	
Au               64
  5.097857	  -5.097844	  -1.019544	
Au               65
  7.136954	  -5.097844	  -3.058744	
Au               66
  -9.176145	  -3.058744	  -1.019544	
Au               67
  -9.176145	  -1.019544	  -3.058744	
Au               68
  -7.137044	  -3.058744	  -3.058744	
Au               69
  -7.137044	  -1.019544	  -1.019544	
Au               70
  -5.097844	  -3.058744	  -1.019544	
Au               71
  -5.097844	  -1.019544	  -3.058744	
Au               72
  -3.058744	  -3.058744	  -3.058744	
Au               73
  -3.058744	  -1.019544	  -1.019544	
Au               74
  -1.019544	  -3.058744	  -1.019544	
Au               75
  -1.019544	  -1.019544	  -3.058744	
Au               76
  1.019557	  -3.058744	  -3.058744	
Au               77
  1.019557	  -1.019544	  -1.019544	
Au               78
  3.058757	  -3.058744	  -1.019544	
Au               79
  3.058757	  -1.019544	  -3.058744	
Au               80
  5.097857	  -3.058744	  -3.058744	
Au               81
  5.097857	  -1.019544	  -1.019544	
Au               82
  7.136954	  -3.058744	  -1.019544	
Au               83
  7.136954	  -1.019544	  -3.058744	
Au               84
  9.176158	  -1.019544	  -1.019544	
Au               85
  -9.176145	  1.019557	  -1.019544	
Au               86
  -7.137044	  1.019557	  -3.058744	
Au               87
  -7.137044	  3.058757	  -1.019544	
Au               88
  -5.097844	  1.019557	  -1.019544	
Au               89
  -5.097844	  3.058757	  -3.058744	
Au               90
  -3.058744	  1.019557	  -3.058744	
Au               91
  -3.058744	  3.058757	  -1.019544	
Au               92
  -1.019544	  1.019557	  -1.019544	
Au               93
  -1.019544	  3.058757	  -3.058744	
Au               94
  1.019557	  1.019557	  -3.058744	
Au               95
  1.019557	  3.058757	  -1.019544	
Au               96
  3.058757	  1.019557	  -1.019544	
Au               97
  3.058757	  3.058757	  -3.058744	
Au               98
  5.097857	  1.019557	  -3.058744	
Au               99
  5.097857	  3.058757	  -1.019544	
Au               100
  7.136954	  1.019557	  -1.019544	
Au               101
  7.136954	  3.058757	  -3.058744	
Au               102
  9.176158	  1.019557	  -3.058744	
Au               103
  9.176158	  3.058757	  -1.019544	
Au               104
  -7.137044	  5.097857	  -3.058744	
Au               105
  -5.097844	  5.097857	  -1.019544	
Au               106
  -5.097844	  7.136954	  -3.058744	
Au               107
  -3.058744	  5.097857	  -3.058744	
Au               108
  -3.058744	  7.136954	  -1.019544	
Au               109
  -1.019544	  5.097857	  -1.019544	
Au               110
  -1.019544	  7.136954	  -3.058744	
Au               111
  1.019557	  5.097857	  -3.058744	
Au               112
  1.019557	  7.136954	  -1.019544	
Au               113
  3.058757	  5.097857	  -1.019544	
Au               114
  3.058757	  7.136954	  -3.058744	
Au               115
  5.097857	  5.097857	  -3.058744	
Au               116
  5.097857	  7.136954	  -1.019544	
Au               117
  7.136954	  5.097857	  -1.019544	
Au               118
  -1.019544	  9.176158	  -1.019544	
Au               119
  1.019557	  9.176158	  -3.058744	
Au               120
  3.058757	  9.176158	  -1.019544	
Au               121
  -1.019544	  -9.176145	  1.019557	
Au               122
  1.019557	  -9.176145	  3.058757	
Au               123
  3.058757	  -9.176145	  1.019557	
Au               124
  -7.137044	  -5.097844	  3.058757	
Au               125
  -5.097844	  -7.137044	  3.058757	
Au               126
  -5.097844	  -5.097844	  1.019557	
Au               127
  -3.058744	  -7.137044	  1.019557	
Au               128
  -3.058744	  -5.097844	  3.058757	
Au               129
  -1.019544	  -7.137044	  3.058757	
Au               130
  -1.019544	  -5.097844	  1.019557	
Au               131
  1.019557	  -7.137044	  1.019557	
Au               132
  1.019557	  -5.097844	  3.058757	
Au               133
  3.058757	  -7.137044	  3.058757	
Au               134
  3.058757	  -5.097844	  1.019557	
Au               135
  5.097857	  -7.137044	  1.019557	
Au               136
  5.097857	  -5.097844	  3.058757	
Au               137
  7.136954	  -5.097844	  1.019557	
Au               138
  -9.176145	  -1.019544	  1.019557	
Au               139
  -7.137044	  -3.058744	  1.019557	
Au               140
  -7.137044	  -1.019544	  3.058757	
Au               141
  -5.097844	  -3.058744	  3.058757	
Au               142
  -5.097844	  -1.019544	  1.019557	
Au               143
  -3.058744	  -3.058744	  1.019557	
Au               144
  -3.058744	  -1.019544	  3.058757	
Au               145
  -1.019544	  -3.058744	  3.058757	
Au               146
  -1.019544	  -1.019544	  1.019557	
Au               147
  1.019557	  -3.058744	  1.019557	
Au               148
  1.019557	  -1.019544	  3.058757	
Au               149
  3.058757	  -3.058744	  3.058757	
Au               150
  3.058757	  -1.019544	  1.019557	
Au               151
  5.097857	  -3.058744	  1.019557	
Au               152
  5.097857	  -1.019544	  3.058757	
Au               153
  7.136954	  -3.058744	  3.058757	
Au               154
  7.136954	  -1.019544	  1.019557	
Au               155
  9.176158	  -3.058744	  1.019557	
Au               156
  9.176158	  -1.019544	  3.058757	
Au               157
  -9.176145	  1.019557	  3.058757	
Au               158
  -9.176145	  3.058757	  1.019557	
Au               159
  -7.137044	  1.019557	  1.019557	
Au               160
  -7.137044	  3.058757	  3.058757	
Au               161
  -5.097844	  1.019557	  3.058757	
Au               162
  -5.097844	  3.058757	  1.019557	
Au               163
  -3.058744	  1.019557	  1.019557	
Au               164
  -3.058744	  3.058757	  3.058757	
Au               165
  -1.019544	  1.019557	  3.058757	
Au               166
  -1.019544	  3.058757	  1.019557	
Au               167
  1.019557	  1.019557	  1.019557	
Au               168
  1.019557	  3.058757	  3.058757	
Au               169
  3.058757	  1.019557	  3.058757	
Au               170
  3.058757	  3.058757	  1.019557	
Au               171
  5.097857	  1.019557	  1.019557	
Au               172
  5.097857	  3.058757	  3.058757	
Au               173
  7.136954	  1.019557	  3.058757	
Au               174
  7.136954	  3.058757	  1.019557	
Au               175
  9.176158	  1.019557	  1.019557	
Au               176
  -7.137044	  5.097857	  1.019557	
Au               177
  -5.097844	  5.097857	  3.058757	
Au               178
  -5.097844	  7.136954	  1.019557	
Au               179
  -3.058744	  5.097857	  1.019557	
Au               180
  -3.058744	  7.136954	  3.058757	
Au               181
  -1.019544	  5.097857	  3.058757	
Au               182
  -1.019544	  7.136954	  1.019557	
Au               183
  1.019557	  5.097857	  1.019557	
Au               184
  1.019557	  7.136954	  3.058757	
Au               185
  3.058757	  5.097857	  3.058757	
Au               186
  3.058757	  7.136954	  1.019557	
Au               187
  5.097857	  5.097857	  1.019557	
Au               188
  5.097857	  7.136954	  3.058757	
Au               189
  7.136954	  5.097857	  3.058757	
Au               190
  -3.058744	  9.176158	  1.019557	
Au               191
  -1.019544	  9.176158	  3.058757	
Au               192
  1.019557	  9.176158	  1.019557	
Au               193
  -5.097844	  -5.097844	  5.097857	
Au               194
  -3.058744	  -7.137044	  5.097857	
Au               195
  -3.058744	  -5.097844	  7.136954	
Au               196
  -1.019544	  -5.097844	  5.097857	
Au               197
  1.019557	  -7.137044	  5.097857	
Au               198
  1.019557	  -5.097844	  7.136954	
Au               199
  3.058757	  -5.097844	  5.097857	
Au               200
  -7.137044	  -3.058744	  5.097857	
Au               201
  -5.097844	  -3.058744	  7.136954	
Au               202
  -5.097844	  -1.019544	  5.097857	
Au               203
  -3.058744	  -3.058744	  5.097857	
Au               204
  -3.058744	  -1.019544	  7.136954	
Au               205
  -1.019544	  -3.058744	  7.136954	
Au               206
  -1.019544	  -1.019544	  5.097857	
Au               207
  1.019557	  -3.058744	  5.097857	
Au               208
  1.019557	  -1.019544	  7.136954	
Au               209
  3.058757	  -3.058744	  7.136954	
Au               210
  3.058757	  -1.019544	  5.097857	
Au               211
  5.097857	  -3.058744	  5.097857	
Au               212
  5.097857	  -1.019544	  7.136954	
Au               213
  7.136954	  -1.019544	  5.097857	
Au               214
  -7.137044	  1.019557	  5.097857	
Au               215
  -5.097844	  1.019557	  7.136954	
Au               216
  -5.097844	  3.058757	  5.097857	
Au               217
  -3.058744	  1.019557	  5.097857	
Au               218
  -3.058744	  3.058757	  7.136954	
Au               219
  -1.019544	  1.019557	  7.136954	
Au               220
  -1.019544	  3.058757	  5.097857	
Au               221
  1.019557	  1.019557	  5.097857	
Au               222
  1.019557	  3.058757	  7.136954	
Au               223
  3.058757	  1.019557	  7.136954	
Au               224
  3.058757	  3.058757	  5.097857	
Au               225
  5.097857	  1.019557	  5.097857	
Au               226
  5.097857	  3.058757	  7.136954	
Au               227
  7.136954	  3.058757	  5.097857	
Au               228
  -3.058744	  5.097857	  5.097857	
Au               229
  -1.019544	  5.097857	  7.136954	
Au               230
  -1.019544	  7.136954	  5.097857	
Au               231
  1.019557	  5.097857	  5.097857	
Au               232
  3.058757	  5.097857	  7.136954	
Au               233
  3.058757	  7.136954	  5.097857	
Au               234
  5.097857	  5.097857	  5.097857	
Au               235
  -1.019544	  -1.019544	  9.176158	
Au               236
  1.019557	  -3.058744	  9.176158	
Au               237
  3.058757	  -1.019544	  9.176158	
Au               238
  -3.058744	  1.019557	  9.176158	
Au               239
  -1.019544	  3.058757	  9.176158	
Au               240
  1.019557	  1.019557	  9.176158	
