820
 generated by VMD
Au	-3.058743	-5.097843	-13.254442	
Au	1.019558	-5.097843	-13.254442	
Au	-5.097843	-3.058743	-13.254442	
Au	-3.058743	-1.019543	-13.254442	
Au	-1.019543	-3.058743	-13.254442	
Au	1.019558	-1.019543	-13.254442	
Au	3.058758	-3.058743	-13.254442	
Au	5.097858	-1.019543	-13.254442	
Au	-5.097843	1.019558	-13.254442	
Au	-3.058743	3.058758	-13.254442	
Au	-1.019543	1.019558	-13.254442	
Au	1.019558	3.058758	-13.254442	
Au	3.058758	1.019558	-13.254442	
Au	5.097858	3.058758	-13.254442	
Au	-1.019543	5.097858	-13.254442	
Au	3.058758	5.097858	-13.254442	
Au	-7.137043	-9.176144	-9.176144	
Au	-3.058743	-9.176144	-9.176144	
Au	-1.019543	-11.215343	-9.176144	
Au	-1.019543	-9.176144	-11.215343	
Au	1.019558	-9.176144	-9.176144	
Au	3.058758	-11.215343	-9.176144	
Au	3.058758	-9.176144	-11.215343	
Au	5.097858	-9.176144	-9.176144	
Au	-9.176144	-7.137043	-9.176144	
Au	-7.137043	-5.097843	-9.176144	
Au	-5.097843	-7.137043	-9.176144	
Au	-5.097843	-5.097843	-11.215343	
Au	-3.058743	-7.137043	-11.215343	
Au	-3.058743	-5.097843	-9.176144	
Au	-1.019543	-7.137043	-9.176144	
Au	-1.019543	-5.097843	-11.215343	
Au	1.019558	-7.137043	-11.215343	
Au	1.019558	-5.097843	-9.176144	
Au	3.058758	-7.137043	-9.176144	
Au	3.058758	-5.097843	-11.215343	
Au	5.097858	-7.137043	-11.215343	
Au	5.097858	-5.097843	-9.176144	
Au	7.136955	-7.137043	-9.176144	
Au	7.136955	-5.097843	-11.215343	
Au	9.176159	-5.097843	-9.176144	
Au	-11.215343	-1.019543	-9.176144	
Au	-9.176144	-3.058743	-9.176144	
Au	-9.176144	-1.019543	-11.215343	
Au	-7.137043	-3.058743	-11.215343	
Au	-7.137043	-1.019543	-9.176144	
Au	-5.097843	-3.058743	-9.176144	
Au	-5.097843	-1.019543	-11.215343	
Au	-3.058743	-3.058743	-11.215343	
Au	-3.058743	-1.019543	-9.176144	
Au	-1.019543	-3.058743	-9.176144	
Au	-1.019543	-1.019543	-11.215343	
Au	1.019558	-3.058743	-11.215343	
Au	1.019558	-1.019543	-9.176144	
Au	3.058758	-3.058743	-9.176144	
Au	3.058758	-1.019543	-11.215343	
Au	5.097858	-3.058743	-11.215343	
Au	5.097858	-1.019543	-9.176144	
Au	7.136955	-3.058743	-9.176144	
Au	7.136955	-1.019543	-11.215343	
Au	9.176159	-3.058743	-11.215343	
Au	9.176159	-1.019543	-9.176144	
Au	11.215359	-3.058743	-9.176144	
Au	-11.215343	3.058758	-9.176144	
Au	-9.176144	1.019558	-9.176144	
Au	-9.176144	3.058758	-11.215343	
Au	-7.137043	1.019558	-11.215343	
Au	-7.137043	3.058758	-9.176144	
Au	-5.097843	1.019558	-9.176144	
Au	-5.097843	3.058758	-11.215343	
Au	-3.058743	1.019558	-11.215343	
Au	-3.058743	3.058758	-9.176144	
Au	-1.019543	1.019558	-9.176144	
Au	-1.019543	3.058758	-11.215343	
Au	1.019558	1.019558	-11.215343	
Au	1.019558	3.058758	-9.176144	
Au	3.058758	1.019558	-9.176144	
Au	3.058758	3.058758	-11.215343	
Au	5.097858	1.019558	-11.215343	
Au	5.097858	3.058758	-9.176144	
Au	7.136955	1.019558	-9.176144	
Au	7.136955	3.058758	-11.215343	
Au	9.176159	1.019558	-11.215343	
Au	9.176159	3.058758	-9.176144	
Au	11.215359	1.019558	-9.176144	
Au	-9.176144	5.097858	-9.176144	
Au	-7.137043	5.097858	-11.215343	
Au	-7.137043	7.136955	-9.176144	
Au	-5.097843	5.097858	-9.176144	
Au	-5.097843	7.136955	-11.215343	
Au	-3.058743	5.097858	-11.215343	
Au	-3.058743	7.136955	-9.176144	
Au	-1.019543	5.097858	-9.176144	
Au	-1.019543	7.136955	-11.215343	
Au	1.019558	5.097858	-11.215343	
Au	1.019558	7.136955	-9.176144	
Au	3.058758	5.097858	-9.176144	
Au	3.058758	7.136955	-11.215343	
Au	5.097858	5.097858	-11.215343	
Au	5.097858	7.136955	-9.176144	
Au	7.136955	5.097858	-9.176144	
Au	9.176159	7.136955	-9.176144	
Au	-5.097843	9.176159	-9.176144	
Au	-3.058743	9.176159	-11.215343	
Au	-3.058743	11.215359	-9.176144	
Au	-1.019543	9.176159	-9.176144	
Au	1.019558	9.176159	-11.215343	
Au	1.019558	11.215359	-9.176144	
Au	3.058758	9.176159	-9.176144	
Au	7.136955	9.176159	-9.176144	
Au	-3.058743	-13.254442	-5.097843	
Au	1.019558	-13.254442	-5.097843	
Au	-9.176144	-9.176144	-7.137043	
Au	-7.137043	-9.176144	-5.097843	
Au	-5.097843	-11.215343	-5.097843	
Au	-5.097843	-9.176144	-7.137043	
Au	-3.058743	-11.215343	-7.137043	
Au	-3.058743	-9.176144	-5.097843	
Au	-1.019543	-11.215343	-5.097843	
Au	-1.019543	-9.176144	-7.137043	
Au	1.019558	-11.215343	-7.137043	
Au	1.019558	-9.176144	-5.097843	
Au	3.058758	-11.215343	-5.097843	
Au	3.058758	-9.176144	-7.137043	
Au	5.097858	-11.215343	-7.137043	
Au	5.097858	-9.176144	-5.097843	
Au	7.136955	-11.215343	-5.097843	
Au	7.136955	-9.176144	-7.137043	
Au	9.176159	-9.176144	-5.097843	
Au	-11.215343	-5.097843	-5.097843	
Au	-9.176144	-7.137043	-5.097843	
Au	-9.176144	-5.097843	-7.137043	
Au	-7.137043	-7.137043	-7.137043	
Au	-7.137043	-5.097843	-5.097843	
Au	-5.097843	-7.137043	-5.097843	
Au	-5.097843	-5.097843	-7.137043	
Au	-3.058743	-7.137043	-7.137043	
Au	-3.058743	-5.097843	-5.097843	
Au	-1.019543	-7.137043	-5.097843	
Au	-1.019543	-5.097843	-7.137043	
Au	1.019558	-7.137043	-7.137043	
Au	1.019558	-5.097843	-5.097843	
Au	3.058758	-7.137043	-5.097843	
Au	3.058758	-5.097843	-7.137043	
Au	5.097858	-7.137043	-7.137043	
Au	5.097858	-5.097843	-5.097843	
Au	7.136955	-7.137043	-5.097843	
Au	7.136955	-5.097843	-7.137043	
Au	9.176159	-7.137043	-7.137043	
Au	9.176159	-5.097843	-5.097843	
Au	11.215359	-7.137043	-5.097843	
Au	11.215359	-5.097843	-7.137043	
Au	-13.254442	-3.058743	-5.097843	
Au	-11.215343	-3.058743	-7.137043	
Au	-11.215343	-1.019543	-5.097843	
Au	-9.176144	-3.058743	-5.097843	
Au	-9.176144	-1.019543	-7.137043	
Au	-7.137043	-3.058743	-7.137043	
Au	-7.137043	-1.019543	-5.097843	
Au	-5.097843	-3.058743	-5.097843	
Au	-5.097843	-1.019543	-7.137043	
Au	-3.058743	-3.058743	-7.137043	
Au	-3.058743	-1.019543	-5.097843	
Au	-1.019543	-3.058743	-5.097843	
Au	-1.019543	-1.019543	-7.137043	
Au	1.019558	-3.058743	-7.137043	
Au	1.019558	-1.019543	-5.097843	
Au	3.058758	-3.058743	-5.097843	
Au	3.058758	-1.019543	-7.137043	
Au	5.097858	-3.058743	-7.137043	
Au	5.097858	-1.019543	-5.097843	
Au	7.136955	-3.058743	-5.097843	
Au	7.136955	-1.019543	-7.137043	
Au	9.176159	-3.058743	-7.137043	
Au	9.176159	-1.019543	-5.097843	
Au	11.215359	-3.058743	-5.097843	
Au	11.215359	-1.019543	-7.137043	
Au	13.254456	-1.019543	-5.097843	
Au	-13.254442	1.019558	-5.097843	
Au	-11.215343	1.019558	-7.137043	
Au	-11.215343	3.058758	-5.097843	
Au	-9.176144	1.019558	-5.097843	
Au	-9.176144	3.058758	-7.137043	
Au	-7.137043	1.019558	-7.137043	
Au	-7.137043	3.058758	-5.097843	
Au	-5.097843	1.019558	-5.097843	
Au	-5.097843	3.058758	-7.137043	
Au	-3.058743	1.019558	-7.137043	
Au	-3.058743	3.058758	-5.097843	
Au	-1.019543	1.019558	-5.097843	
Au	-1.019543	3.058758	-7.137043	
Au	1.019558	1.019558	-7.137043	
Au	1.019558	3.058758	-5.097843	
Au	3.058758	1.019558	-5.097843	
Au	3.058758	3.058758	-7.137043	
Au	5.097858	1.019558	-7.137043	
Au	5.097858	3.058758	-5.097843	
Au	7.136955	1.019558	-5.097843	
Au	7.136955	3.058758	-7.137043	
Au	9.176159	1.019558	-7.137043	
Au	9.176159	3.058758	-5.097843	
Au	11.215359	1.019558	-5.097843	
Au	11.215359	3.058758	-7.137043	
Au	13.254456	3.058758	-5.097843	
Au	-11.215343	5.097858	-7.137043	
Au	-11.215343	7.136955	-5.097843	
Au	-9.176144	5.097858	-5.097843	
Au	-9.176144	7.136955	-7.137043	
Au	-7.137043	5.097858	-7.137043	
Au	-7.137043	7.136955	-5.097843	
Au	-5.097843	5.097858	-5.097843	
Au	-5.097843	7.136955	-7.137043	
Au	-3.058743	5.097858	-7.137043	
Au	-3.058743	7.136955	-5.097843	
Au	-1.019543	5.097858	-5.097843	
Au	-1.019543	7.136955	-7.137043	
Au	1.019558	5.097858	-7.137043	
Au	1.019558	7.136955	-5.097843	
Au	3.058758	5.097858	-5.097843	
Au	3.058758	7.136955	-7.137043	
Au	5.097858	5.097858	-7.137043	
Au	5.097858	7.136955	-5.097843	
Au	7.136955	5.097858	-5.097843	
Au	7.136955	7.136955	-7.137043	
Au	9.176159	5.097858	-7.137043	
Au	9.176159	7.136955	-5.097843	
Au	11.215359	5.097858	-5.097843	
Au	-9.176144	9.176159	-5.097843	
Au	-7.137043	9.176159	-7.137043	
Au	-7.137043	11.215359	-5.097843	
Au	-5.097843	9.176159	-5.097843	
Au	-5.097843	11.215359	-7.137043	
Au	-3.058743	9.176159	-7.137043	
Au	-3.058743	11.215359	-5.097843	
Au	-1.019543	9.176159	-5.097843	
Au	-1.019543	11.215359	-7.137043	
Au	1.019558	9.176159	-7.137043	
Au	1.019558	11.215359	-5.097843	
Au	3.058758	9.176159	-5.097843	
Au	3.058758	11.215359	-7.137043	
Au	5.097858	9.176159	-7.137043	
Au	5.097858	11.215359	-5.097843	
Au	7.136955	9.176159	-5.097843	
Au	9.176159	9.176159	-7.137043	
Au	-1.019543	13.254456	-5.097843	
Au	3.058758	13.254456	-5.097843	
Au	-5.097843	-13.254442	-3.058743	
Au	-3.058743	-13.254442	-1.019543	
Au	-1.019543	-13.254442	-3.058743	
Au	1.019558	-13.254442	-1.019543	
Au	3.058758	-13.254442	-3.058743	
Au	5.097858	-13.254442	-1.019543	
Au	-11.215343	-9.176144	-1.019543	
Au	-9.176144	-11.215343	-1.019543	
Au	-9.176144	-9.176144	-3.058743	
Au	-7.137043	-11.215343	-3.058743	
Au	-7.137043	-9.176144	-1.019543	
Au	-5.097843	-11.215343	-1.019543	
Au	-5.097843	-9.176144	-3.058743	
Au	-3.058743	-11.215343	-3.058743	
Au	-3.058743	-9.176144	-1.019543	
Au	-1.019543	-11.215343	-1.019543	
Au	-1.019543	-9.176144	-3.058743	
Au	1.019558	-11.215343	-3.058743	
Au	1.019558	-9.176144	-1.019543	
Au	3.058758	-11.215343	-1.019543	
Au	3.058758	-9.176144	-3.058743	
Au	5.097858	-11.215343	-3.058743	
Au	5.097858	-9.176144	-1.019543	
Au	7.136955	-11.215343	-1.019543	
Au	7.136955	-9.176144	-3.058743	
Au	9.176159	-11.215343	-3.058743	
Au	9.176159	-9.176144	-1.019543	
Au	11.215359	-9.176144	-3.058743	
Au	-13.254442	-5.097843	-3.058743	
Au	-11.215343	-7.137043	-3.058743	
Au	-11.215343	-5.097843	-1.019543	
Au	-9.176144	-7.137043	-1.019543	
Au	-9.176144	-5.097843	-3.058743	
Au	-7.137043	-7.137043	-3.058743	
Au	-7.137043	-5.097843	-1.019543	
Au	-5.097843	-7.137043	-1.019543	
Au	-5.097843	-5.097843	-3.058743	
Au	-3.058743	-7.137043	-3.058743	
Au	-3.058743	-5.097843	-1.019543	
Au	-1.019543	-7.137043	-1.019543	
Au	-1.019543	-5.097843	-3.058743	
Au	1.019558	-7.137043	-3.058743	
Au	1.019558	-5.097843	-1.019543	
Au	3.058758	-7.137043	-1.019543	
Au	3.058758	-5.097843	-3.058743	
Au	5.097858	-7.137043	-3.058743	
Au	5.097858	-5.097843	-1.019543	
Au	7.136955	-7.137043	-1.019543	
Au	7.136955	-5.097843	-3.058743	
Au	9.176159	-7.137043	-3.058743	
Au	9.176159	-5.097843	-1.019543	
Au	11.215359	-7.137043	-1.019543	
Au	11.215359	-5.097843	-3.058743	
Au	13.254456	-5.097843	-1.019543	
Au	-13.254442	-3.058743	-1.019543	
Au	-13.254442	-1.019543	-3.058743	
Au	-11.215343	-3.058743	-3.058743	
Au	-11.215343	-1.019543	-1.019543	
Au	-9.176144	-3.058743	-1.019543	
Au	-9.176144	-1.019543	-3.058743	
Au	-7.137043	-3.058743	-3.058743	
Au	-7.137043	-1.019543	-1.019543	
Au	-5.097843	-3.058743	-1.019543	
Au	-5.097843	-1.019543	-3.058743	
Au	-3.058743	-3.058743	-3.058743	
Au	-3.058743	-1.019543	-1.019543	
Au	-1.019543	-3.058743	-1.019543	
Au	-1.019543	-1.019543	-3.058743	
Au	1.019558	-3.058743	-3.058743	
Au	1.019558	-1.019543	-1.019543	
Au	3.058758	-3.058743	-1.019543	
Au	3.058758	-1.019543	-3.058743	
Au	5.097858	-3.058743	-3.058743	
Au	5.097858	-1.019543	-1.019543	
Au	7.136955	-3.058743	-1.019543	
Au	7.136955	-1.019543	-3.058743	
Au	9.176159	-3.058743	-3.058743	
Au	9.176159	-1.019543	-1.019543	
Au	11.215359	-3.058743	-1.019543	
Au	11.215359	-1.019543	-3.058743	
Au	13.254456	-3.058743	-3.058743	
Au	13.254456	-1.019543	-1.019543	
Au	-13.254442	1.019558	-1.019543	
Au	-13.254442	3.058758	-3.058743	
Au	-11.215343	1.019558	-3.058743	
Au	-11.215343	3.058758	-1.019543	
Au	-9.176144	1.019558	-1.019543	
Au	-9.176144	3.058758	-3.058743	
Au	-7.137043	1.019558	-3.058743	
Au	-7.137043	3.058758	-1.019543	
Au	-5.097843	1.019558	-1.019543	
Au	-5.097843	3.058758	-3.058743	
Au	-3.058743	1.019558	-3.058743	
Au	-3.058743	3.058758	-1.019543	
Au	-1.019543	1.019558	-1.019543	
Au	-1.019543	3.058758	-3.058743	
Au	1.019558	1.019558	-3.058743	
Au	1.019558	3.058758	-1.019543	
Au	3.058758	1.019558	-1.019543	
Au	3.058758	3.058758	-3.058743	
Au	5.097858	1.019558	-3.058743	
Au	5.097858	3.058758	-1.019543	
Au	7.136955	1.019558	-1.019543	
Au	7.136955	3.058758	-3.058743	
Au	9.176159	1.019558	-3.058743	
Au	9.176159	3.058758	-1.019543	
Au	11.215359	1.019558	-1.019543	
Au	11.215359	3.058758	-3.058743	
Au	13.254456	1.019558	-3.058743	
Au	13.254456	3.058758	-1.019543	
Au	-13.254442	5.097858	-1.019543	
Au	-11.215343	5.097858	-3.058743	
Au	-11.215343	7.136955	-1.019543	
Au	-9.176144	5.097858	-1.019543	
Au	-9.176144	7.136955	-3.058743	
Au	-7.137043	5.097858	-3.058743	
Au	-7.137043	7.136955	-1.019543	
Au	-5.097843	5.097858	-1.019543	
Au	-5.097843	7.136955	-3.058743	
Au	-3.058743	5.097858	-3.058743	
Au	-3.058743	7.136955	-1.019543	
Au	-1.019543	5.097858	-1.019543	
Au	-1.019543	7.136955	-3.058743	
Au	1.019558	5.097858	-3.058743	
Au	1.019558	7.136955	-1.019543	
Au	3.058758	5.097858	-1.019543	
Au	3.058758	7.136955	-3.058743	
Au	5.097858	5.097858	-3.058743	
Au	5.097858	7.136955	-1.019543	
Au	7.136955	5.097858	-1.019543	
Au	7.136955	7.136955	-3.058743	
Au	9.176159	5.097858	-3.058743	
Au	9.176159	7.136955	-1.019543	
Au	11.215359	5.097858	-1.019543	
Au	11.215359	7.136955	-3.058743	
Au	13.254456	5.097858	-3.058743	
Au	-11.215343	9.176159	-3.058743	
Au	-9.176144	9.176159	-1.019543	
Au	-9.176144	11.215359	-3.058743	
Au	-7.137043	9.176159	-3.058743	
Au	-7.137043	11.215359	-1.019543	
Au	-5.097843	9.176159	-1.019543	
Au	-5.097843	11.215359	-3.058743	
Au	-3.058743	9.176159	-3.058743	
Au	-3.058743	11.215359	-1.019543	
Au	-1.019543	9.176159	-1.019543	
Au	-1.019543	11.215359	-3.058743	
Au	1.019558	9.176159	-3.058743	
Au	1.019558	11.215359	-1.019543	
Au	3.058758	9.176159	-1.019543	
Au	3.058758	11.215359	-3.058743	
Au	5.097858	9.176159	-3.058743	
Au	5.097858	11.215359	-1.019543	
Au	7.136955	9.176159	-1.019543	
Au	7.136955	11.215359	-3.058743	
Au	9.176159	9.176159	-3.058743	
Au	9.176159	11.215359	-1.019543	
Au	11.215359	9.176159	-1.019543	
Au	-5.097843	13.254456	-1.019543	
Au	-3.058743	13.254456	-3.058743	
Au	-1.019543	13.254456	-1.019543	
Au	1.019558	13.254456	-3.058743	
Au	3.058758	13.254456	-1.019543	
Au	5.097858	13.254456	-3.058743	
Au	-5.097843	-13.254442	1.019558	
Au	-3.058743	-13.254442	3.058758	
Au	-1.019543	-13.254442	1.019558	
Au	1.019558	-13.254442	3.058758	
Au	3.058758	-13.254442	1.019558	
Au	5.097858	-13.254442	3.058758	
Au	-11.215343	-9.176144	3.058758	
Au	-9.176144	-11.215343	3.058758	
Au	-9.176144	-9.176144	1.019558	
Au	-7.137043	-11.215343	1.019558	
Au	-7.137043	-9.176144	3.058758	
Au	-5.097843	-11.215343	3.058758	
Au	-5.097843	-9.176144	1.019558	
Au	-3.058743	-11.215343	1.019558	
Au	-3.058743	-9.176144	3.058758	
Au	-1.019543	-11.215343	3.058758	
Au	-1.019543	-9.176144	1.019558	
Au	1.019558	-11.215343	1.019558	
Au	1.019558	-9.176144	3.058758	
Au	3.058758	-11.215343	3.058758	
Au	3.058758	-9.176144	1.019558	
Au	5.097858	-11.215343	1.019558	
Au	5.097858	-9.176144	3.058758	
Au	7.136955	-11.215343	3.058758	
Au	7.136955	-9.176144	1.019558	
Au	9.176159	-11.215343	1.019558	
Au	9.176159	-9.176144	3.058758	
Au	11.215359	-9.176144	1.019558	
Au	-13.254442	-5.097843	1.019558	
Au	-11.215343	-7.137043	1.019558	
Au	-11.215343	-5.097843	3.058758	
Au	-9.176144	-7.137043	3.058758	
Au	-9.176144	-5.097843	1.019558	
Au	-7.137043	-7.137043	1.019558	
Au	-7.137043	-5.097843	3.058758	
Au	-5.097843	-7.137043	3.058758	
Au	-5.097843	-5.097843	1.019558	
Au	-3.058743	-7.137043	1.019558	
Au	-3.058743	-5.097843	3.058758	
Au	-1.019543	-7.137043	3.058758	
Au	-1.019543	-5.097843	1.019558	
Au	1.019558	-7.137043	1.019558	
Au	1.019558	-5.097843	3.058758	
Au	3.058758	-7.137043	3.058758	
Au	3.058758	-5.097843	1.019558	
Au	5.097858	-7.137043	1.019558	
Au	5.097858	-5.097843	3.058758	
Au	7.136955	-7.137043	3.058758	
Au	7.136955	-5.097843	1.019558	
Au	9.176159	-7.137043	1.019558	
Au	9.176159	-5.097843	3.058758	
Au	11.215359	-7.137043	3.058758	
Au	11.215359	-5.097843	1.019558	
Au	13.254456	-5.097843	3.058758	
Au	-13.254442	-3.058743	3.058758	
Au	-13.254442	-1.019543	1.019558	
Au	-11.215343	-3.058743	1.019558	
Au	-11.215343	-1.019543	3.058758	
Au	-9.176144	-3.058743	3.058758	
Au	-9.176144	-1.019543	1.019558	
Au	-7.137043	-3.058743	1.019558	
Au	-7.137043	-1.019543	3.058758	
Au	-5.097843	-3.058743	3.058758	
Au	-5.097843	-1.019543	1.019558	
Au	-3.058743	-3.058743	1.019558	
Au	-3.058743	-1.019543	3.058758	
Au	-1.019543	-3.058743	3.058758	
Au	-1.019543	-1.019543	1.019558	
Au	1.019558	-3.058743	1.019558	
Au	1.019558	-1.019543	3.058758	
Au	3.058758	-3.058743	3.058758	
Au	3.058758	-1.019543	1.019558	
Au	5.097858	-3.058743	1.019558	
Au	5.097858	-1.019543	3.058758	
Au	7.136955	-3.058743	3.058758	
Au	7.136955	-1.019543	1.019558	
Au	9.176159	-3.058743	1.019558	
Au	9.176159	-1.019543	3.058758	
Au	11.215359	-3.058743	3.058758	
Au	11.215359	-1.019543	1.019558	
Au	13.254456	-3.058743	1.019558	
Au	13.254456	-1.019543	3.058758	
Au	-13.254442	1.019558	3.058758	
Au	-13.254442	3.058758	1.019558	
Au	-11.215343	1.019558	1.019558	
Au	-11.215343	3.058758	3.058758	
Au	-9.176144	1.019558	3.058758	
Au	-9.176144	3.058758	1.019558	
Au	-7.137043	1.019558	1.019558	
Au	-7.137043	3.058758	3.058758	
Au	-5.097843	1.019558	3.058758	
Au	-5.097843	3.058758	1.019558	
Au	-3.058743	1.019558	1.019558	
Au	-3.058743	3.058758	3.058758	
Au	-1.019543	1.019558	3.058758	
Au	-1.019543	3.058758	1.019558	
Au	1.019558	1.019558	1.019558	
Au	1.019558	3.058758	3.058758	
Au	3.058758	1.019558	3.058758	
Au	3.058758	3.058758	1.019558	
Au	5.097858	1.019558	1.019558	
Au	5.097858	3.058758	3.058758	
Au	7.136955	1.019558	3.058758	
Au	7.136955	3.058758	1.019558	
Au	9.176159	1.019558	1.019558	
Au	9.176159	3.058758	3.058758	
Au	11.215359	1.019558	3.058758	
Au	11.215359	3.058758	1.019558	
Au	13.254456	1.019558	1.019558	
Au	13.254456	3.058758	3.058758	
Au	-13.254442	5.097858	3.058758	
Au	-11.215343	5.097858	1.019558	
Au	-11.215343	7.136955	3.058758	
Au	-9.176144	5.097858	3.058758	
Au	-9.176144	7.136955	1.019558	
Au	-7.137043	5.097858	1.019558	
Au	-7.137043	7.136955	3.058758	
Au	-5.097843	5.097858	3.058758	
Au	-5.097843	7.136955	1.019558	
Au	-3.058743	5.097858	1.019558	
Au	-3.058743	7.136955	3.058758	
Au	-1.019543	5.097858	3.058758	
Au	-1.019543	7.136955	1.019558	
Au	1.019558	5.097858	1.019558	
Au	1.019558	7.136955	3.058758	
Au	3.058758	5.097858	3.058758	
Au	3.058758	7.136955	1.019558	
Au	5.097858	5.097858	1.019558	
Au	5.097858	7.136955	3.058758	
Au	7.136955	5.097858	3.058758	
Au	7.136955	7.136955	1.019558	
Au	9.176159	5.097858	1.019558	
Au	9.176159	7.136955	3.058758	
Au	11.215359	5.097858	3.058758	
Au	11.215359	7.136955	1.019558	
Au	13.254456	5.097858	1.019558	
Au	-11.215343	9.176159	1.019558	
Au	-9.176144	9.176159	3.058758	
Au	-9.176144	11.215359	1.019558	
Au	-7.137043	9.176159	1.019558	
Au	-7.137043	11.215359	3.058758	
Au	-5.097843	9.176159	3.058758	
Au	-5.097843	11.215359	1.019558	
Au	-3.058743	9.176159	1.019558	
Au	-3.058743	11.215359	3.058758	
Au	-1.019543	9.176159	3.058758	
Au	-1.019543	11.215359	1.019558	
Au	1.019558	9.176159	1.019558	
Au	1.019558	11.215359	3.058758	
Au	3.058758	9.176159	3.058758	
Au	3.058758	11.215359	1.019558	
Au	5.097858	9.176159	1.019558	
Au	5.097858	11.215359	3.058758	
Au	7.136955	9.176159	3.058758	
Au	7.136955	11.215359	1.019558	
Au	9.176159	9.176159	1.019558	
Au	9.176159	11.215359	3.058758	
Au	11.215359	9.176159	3.058758	
Au	-5.097843	13.254456	3.058758	
Au	-3.058743	13.254456	1.019558	
Au	-1.019543	13.254456	3.058758	
Au	1.019558	13.254456	1.019558	
Au	3.058758	13.254456	3.058758	
Au	5.097858	13.254456	1.019558	
Au	-1.019543	-13.254442	5.097858	
Au	3.058758	-13.254442	5.097858	
Au	-9.176144	-9.176144	5.097858	
Au	-7.137043	-11.215343	5.097858	
Au	-7.137043	-9.176144	7.136955	
Au	-5.097843	-11.215343	7.136955	
Au	-5.097843	-9.176144	5.097858	
Au	-3.058743	-11.215343	5.097858	
Au	-3.058743	-9.176144	7.136955	
Au	-1.019543	-11.215343	7.136955	
Au	-1.019543	-9.176144	5.097858	
Au	1.019558	-11.215343	5.097858	
Au	1.019558	-9.176144	7.136955	
Au	3.058758	-11.215343	7.136955	
Au	3.058758	-9.176144	5.097858	
Au	5.097858	-11.215343	5.097858	
Au	5.097858	-9.176144	7.136955	
Au	7.136955	-9.176144	5.097858	
Au	9.176159	-9.176144	7.136955	
Au	-11.215343	-7.137043	5.097858	
Au	-11.215343	-5.097843	7.136955	
Au	-9.176144	-7.137043	7.136955	
Au	-9.176144	-5.097843	5.097858	
Au	-7.137043	-7.137043	5.097858	
Au	-7.137043	-5.097843	7.136955	
Au	-5.097843	-7.137043	7.136955	
Au	-5.097843	-5.097843	5.097858	
Au	-3.058743	-7.137043	5.097858	
Au	-3.058743	-5.097843	7.136955	
Au	-1.019543	-7.137043	7.136955	
Au	-1.019543	-5.097843	5.097858	
Au	1.019558	-7.137043	5.097858	
Au	1.019558	-5.097843	7.136955	
Au	3.058758	-7.137043	7.136955	
Au	3.058758	-5.097843	5.097858	
Au	5.097858	-7.137043	5.097858	
Au	5.097858	-5.097843	7.136955	
Au	7.136955	-7.137043	7.136955	
Au	7.136955	-5.097843	5.097858	
Au	9.176159	-7.137043	5.097858	
Au	9.176159	-5.097843	7.136955	
Au	11.215359	-5.097843	5.097858	
Au	-13.254442	-1.019543	5.097858	
Au	-11.215343	-3.058743	5.097858	
Au	-11.215343	-1.019543	7.136955	
Au	-9.176144	-3.058743	7.136955	
Au	-9.176144	-1.019543	5.097858	
Au	-7.137043	-3.058743	5.097858	
Au	-7.137043	-1.019543	7.136955	
Au	-5.097843	-3.058743	7.136955	
Au	-5.097843	-1.019543	5.097858	
Au	-3.058743	-3.058743	5.097858	
Au	-3.058743	-1.019543	7.136955	
Au	-1.019543	-3.058743	7.136955	
Au	-1.019543	-1.019543	5.097858	
Au	1.019558	-3.058743	5.097858	
Au	1.019558	-1.019543	7.136955	
Au	3.058758	-3.058743	7.136955	
Au	3.058758	-1.019543	5.097858	
Au	5.097858	-3.058743	5.097858	
Au	5.097858	-1.019543	7.136955	
Au	7.136955	-3.058743	7.136955	
Au	7.136955	-1.019543	5.097858	
Au	9.176159	-3.058743	5.097858	
Au	9.176159	-1.019543	7.136955	
Au	11.215359	-3.058743	7.136955	
Au	11.215359	-1.019543	5.097858	
Au	13.254456	-3.058743	5.097858	
Au	-13.254442	3.058758	5.097858	
Au	-11.215343	1.019558	5.097858	
Au	-11.215343	3.058758	7.136955	
Au	-9.176144	1.019558	7.136955	
Au	-9.176144	3.058758	5.097858	
Au	-7.137043	1.019558	5.097858	
Au	-7.137043	3.058758	7.136955	
Au	-5.097843	1.019558	7.136955	
Au	-5.097843	3.058758	5.097858	
Au	-3.058743	1.019558	5.097858	
Au	-3.058743	3.058758	7.136955	
Au	-1.019543	1.019558	7.136955	
Au	-1.019543	3.058758	5.097858	
Au	1.019558	1.019558	5.097858	
Au	1.019558	3.058758	7.136955	
Au	3.058758	1.019558	7.136955	
Au	3.058758	3.058758	5.097858	
Au	5.097858	1.019558	5.097858	
Au	5.097858	3.058758	7.136955	
Au	7.136955	1.019558	7.136955	
Au	7.136955	3.058758	5.097858	
Au	9.176159	1.019558	5.097858	
Au	9.176159	3.058758	7.136955	
Au	11.215359	1.019558	7.136955	
Au	11.215359	3.058758	5.097858	
Au	13.254456	1.019558	5.097858	
Au	-11.215343	5.097858	5.097858	
Au	-9.176144	5.097858	7.136955	
Au	-9.176144	7.136955	5.097858	
Au	-7.137043	5.097858	5.097858	
Au	-7.137043	7.136955	7.136955	
Au	-5.097843	5.097858	7.136955	
Au	-5.097843	7.136955	5.097858	
Au	-3.058743	5.097858	5.097858	
Au	-3.058743	7.136955	7.136955	
Au	-1.019543	5.097858	7.136955	
Au	-1.019543	7.136955	5.097858	
Au	1.019558	5.097858	5.097858	
Au	1.019558	7.136955	7.136955	
Au	3.058758	5.097858	7.136955	
Au	3.058758	7.136955	5.097858	
Au	5.097858	5.097858	5.097858	
Au	5.097858	7.136955	7.136955	
Au	7.136955	5.097858	7.136955	
Au	7.136955	7.136955	5.097858	
Au	9.176159	5.097858	5.097858	
Au	9.176159	7.136955	7.136955	
Au	11.215359	5.097858	7.136955	
Au	11.215359	7.136955	5.097858	
Au	-9.176144	9.176159	7.136955	
Au	-7.137043	9.176159	5.097858	
Au	-5.097843	9.176159	7.136955	
Au	-5.097843	11.215359	5.097858	
Au	-3.058743	9.176159	5.097858	
Au	-3.058743	11.215359	7.136955	
Au	-1.019543	9.176159	7.136955	
Au	-1.019543	11.215359	5.097858	
Au	1.019558	9.176159	5.097858	
Au	1.019558	11.215359	7.136955	
Au	3.058758	9.176159	7.136955	
Au	3.058758	11.215359	5.097858	
Au	5.097858	9.176159	5.097858	
Au	5.097858	11.215359	7.136955	
Au	7.136955	9.176159	7.136955	
Au	7.136955	11.215359	5.097858	
Au	9.176159	9.176159	5.097858	
Au	-3.058743	13.254456	5.097858	
Au	1.019558	13.254456	5.097858	
Au	-5.097843	-9.176144	9.176159	
Au	-3.058743	-11.215343	9.176159	
Au	-3.058743	-9.176144	11.215359	
Au	-1.019543	-9.176144	9.176159	
Au	1.019558	-11.215343	9.176159	
Au	1.019558	-9.176144	11.215359	
Au	3.058758	-9.176144	9.176159	
Au	7.136955	-9.176144	9.176159	
Au	-9.176144	-5.097843	9.176159	
Au	-7.137043	-7.137043	9.176159	
Au	-7.137043	-5.097843	11.215359	
Au	-5.097843	-7.137043	11.215359	
Au	-5.097843	-5.097843	9.176159	
Au	-3.058743	-7.137043	9.176159	
Au	-3.058743	-5.097843	11.215359	
Au	-1.019543	-7.137043	11.215359	
Au	-1.019543	-5.097843	9.176159	
Au	1.019558	-7.137043	9.176159	
Au	1.019558	-5.097843	11.215359	
Au	3.058758	-7.137043	11.215359	
Au	3.058758	-5.097843	9.176159	
Au	5.097858	-7.137043	9.176159	
Au	5.097858	-5.097843	11.215359	
Au	7.136955	-5.097843	9.176159	
Au	9.176159	-7.137043	9.176159	
Au	-11.215343	-3.058743	9.176159	
Au	-9.176144	-3.058743	11.215359	
Au	-9.176144	-1.019543	9.176159	
Au	-7.137043	-3.058743	9.176159	
Au	-7.137043	-1.019543	11.215359	
Au	-5.097843	-3.058743	11.215359	
Au	-5.097843	-1.019543	9.176159	
Au	-3.058743	-3.058743	9.176159	
Au	-3.058743	-1.019543	11.215359	
Au	-1.019543	-3.058743	11.215359	
Au	-1.019543	-1.019543	9.176159	
Au	1.019558	-3.058743	9.176159	
Au	1.019558	-1.019543	11.215359	
Au	3.058758	-3.058743	11.215359	
Au	3.058758	-1.019543	9.176159	
Au	5.097858	-3.058743	9.176159	
Au	5.097858	-1.019543	11.215359	
Au	7.136955	-3.058743	11.215359	
Au	7.136955	-1.019543	9.176159	
Au	9.176159	-3.058743	9.176159	
Au	9.176159	-1.019543	11.215359	
Au	11.215359	-1.019543	9.176159	
Au	-11.215343	1.019558	9.176159	
Au	-9.176144	1.019558	11.215359	
Au	-9.176144	3.058758	9.176159	
Au	-7.137043	1.019558	9.176159	
Au	-7.137043	3.058758	11.215359	
Au	-5.097843	1.019558	11.215359	
Au	-5.097843	3.058758	9.176159	
Au	-3.058743	1.019558	9.176159	
Au	-3.058743	3.058758	11.215359	
Au	-1.019543	1.019558	11.215359	
Au	-1.019543	3.058758	9.176159	
Au	1.019558	1.019558	9.176159	
Au	1.019558	3.058758	11.215359	
Au	3.058758	1.019558	11.215359	
Au	3.058758	3.058758	9.176159	
Au	5.097858	1.019558	9.176159	
Au	5.097858	3.058758	11.215359	
Au	7.136955	1.019558	11.215359	
Au	7.136955	3.058758	9.176159	
Au	9.176159	1.019558	9.176159	
Au	9.176159	3.058758	11.215359	
Au	11.215359	3.058758	9.176159	
Au	-9.176144	7.136955	9.176159	
Au	-7.137043	5.097858	9.176159	
Au	-5.097843	5.097858	11.215359	
Au	-5.097843	7.136955	9.176159	
Au	-3.058743	5.097858	9.176159	
Au	-3.058743	7.136955	11.215359	
Au	-1.019543	5.097858	11.215359	
Au	-1.019543	7.136955	9.176159	
Au	1.019558	5.097858	9.176159	
Au	1.019558	7.136955	11.215359	
Au	3.058758	5.097858	11.215359	
Au	3.058758	7.136955	9.176159	
Au	5.097858	5.097858	9.176159	
Au	5.097858	7.136955	11.215359	
Au	7.136955	5.097858	11.215359	
Au	7.136955	7.136955	9.176159	
Au	9.176159	5.097858	9.176159	
Au	-7.137043	9.176159	9.176159	
Au	-3.058743	9.176159	9.176159	
Au	-1.019543	9.176159	11.215359	
Au	-1.019543	11.215359	9.176159	
Au	1.019558	9.176159	9.176159	
Au	3.058758	9.176159	11.215359	
Au	3.058758	11.215359	9.176159	
Au	5.097858	9.176159	9.176159	
Au	-1.019543	-5.097843	13.254456	
Au	3.058758	-5.097843	13.254456	
Au	-5.097843	-1.019543	13.254456	
Au	-3.058743	-3.058743	13.254456	
Au	-1.019543	-1.019543	13.254456	
Au	1.019558	-3.058743	13.254456	
Au	3.058758	-1.019543	13.254456	
Au	5.097858	-3.058743	13.254456	
Au	-5.097843	3.058758	13.254456	
Au	-3.058743	1.019558	13.254456	
Au	-1.019543	3.058758	13.254456	
Au	1.019558	1.019558	13.254456	
Au	3.058758	3.058758	13.254456	
Au	5.097858	1.019558	13.254456	
Au	-3.058743	5.097858	13.254456	
Au	1.019558	5.097858	13.254456	
